100 0.000009 1262.000000 1308 1198
150 0.000013 2064.000000 2124 2006
200 0.000018 2921.000000 3004 2842
250 0.000023 3794.000000 3876 3698
300 0.000029 4721.000000 4806 4606
350 0.000034 5671.000000 5768 5564
400 0.000040 6633.000000 6724 6538
450 0.000046 7605.000000 7704 7492
500 0.000052 8584.000000 8708 8472
550 0.000058 9603.000000 9710 9488
600 0.000065 10636.000000 10750 10516
650 0.000072 11683.000000 11814 11566
700 0.000079 12735.000000 12862 12586
750 0.000084 13795.000000 13922 13676
800 0.000090 14859.000000 15018 14728
850 0.000097 15931.000000 16080 15780
900 0.000104 17005.000000 17156 16848
950 0.000112 18082.000000 18248 17920
1000 0.000117 19163.000000 19332 19018
1050 0.000125 20268.000000 20430 20110
1100 0.000133 21395.000000 21558 21238
1150 0.000139 22526.000000 22710 22356
1200 0.000146 23665.000000 23826 23510
1250 0.000152 24810.000000 24994 24628
1300 0.000159 25956.000000 26130 25782
1350 0.000167 27110.000000 27318 26896
1400 0.000174 28264.000000 28460 28038
1450 0.000183 29422.000000 29632 29192
1500 0.000191 30582.000000 30786 30354
1550 0.000196 31747.000000 31950 31548
1600 0.000203 32912.000000 33106 32718
1650 0.000211 34080.000000 34274 33862
1700 0.000218 35255.000000 35470 35036
1750 0.000227 36425.000000 36688 36206
1800 0.000232 37601.000000 37822 37384
1850 0.000240 38780.000000 39018 38528
1900 0.000249 39958.000000 40224 39748
1950 0.000255 41139.000000 41382 40914
2000 0.000264 42322.000000 42538 42070
2050 0.000270 43505.000000 43740 43292
2100 0.000279 44729.000000 44958 44452
2150 0.000285 45955.000000 46186 45740
2200 0.000294 47181.000000 47400 46952
2250 0.000299 48412.000000 48654 48160
2300 0.000311 49646.000000 49876 49396
2350 0.000321 50884.000000 51188 50650
2400 0.000328 52125.000000 52406 51872
2450 0.000335 53366.000000 53632 53104
2500 0.000339 54610.000000 54824 54362
2550 0.000348 55856.000000 56116 55590
2600 0.000361 57103.000000 57368 56852
2650 0.000364 58355.000000 58626 58066
2700 0.000374 59604.000000 59862 59306
2750 0.000379 60862.000000 61112 60576
2800 0.000386 62116.000000 62430 61864
2850 0.000395 63374.000000 63656 63082
2900 0.000401 64634.000000 64914 64256
2950 0.000416 65892.000000 66136 65580
3000 0.000423 67156.000000 67522 66862
3050 0.000430 68419.000000 68668 68102
3100 0.000437 69685.000000 69990 69356
3150 0.000445 70951.000000 71234 70690
3200 0.000452 72222.000000 72524 71954
3250 0.000473 73486.000000 73770 73204
3300 0.000474 74758.000000 75054 74478
3350 0.000478 76026.000000 76320 75664
3400 0.000495 77303.000000 77614 76964
3450 0.000501 78572.000000 78826 78292
3500 0.000518 79848.000000 80188 79546
3550 0.000519 81120.000000 81468 80826
3600 0.000528 82398.000000 82658 82114
3650 0.000526 83677.000000 84034 83308
3700 0.000534 84953.000000 85256 84652
3750 0.000547 86228.000000 86498 85920
3800 0.000565 87507.000000 87842 87186
3850 0.000570 88788.000000 89174 88452
3900 0.000575 90069.000000 90418 89768
3950 0.000588 91350.000000 91692 90994
4000 0.000603 92637.000000 92960 92280
4050 0.000607 93919.000000 94338 93580
4100 0.000610 95204.000000 95574 94870
4150 0.000628 96524.000000 96864 96190
4200 0.000623 97849.000000 98216 97536
4250 0.000632 99170.000000 99470 98772
4300 0.000641 100495.000000 100828 100146
4350 0.000648 101823.000000 102182 101504
4400 0.000658 103152.000000 103502 102696
4450 0.000680 104489.000000 104824 104130
4500 0.000691 105819.000000 106146 105494
4550 0.000688 107149.000000 107488 106816
4600 0.000703 108484.000000 108854 108140
4650 0.000717 109820.000000 110150 109494
4700 0.000719 111159.000000 111532 110826
4750 0.000726 112496.000000 112856 112182
4800 0.000736 113838.000000 114174 113394
4850 0.000744 115180.000000 115558 114830
4900 0.000760 116525.000000 116858 116144
4950 0.000770 117866.000000 118224 117434
5000 0.000776 119214.000000 119580 118836
5050 0.000779 120553.000000 120912 120162
5100 0.000787 121904.000000 122278 121464
5150 0.000796 123247.000000 123612 122906
5200 0.000802 124598.000000 124968 124216
5250 0.000812 125943.000000 126318 125552
5300 0.000833 127303.000000 127648 126974
5350 0.000848 128653.000000 129094 128288
5400 0.000847 130005.000000 130410 129660
5450 0.000854 131360.000000 131768 130932
5500 0.000868 132715.000000 133096 132310
5550 0.000875 134071.000000 134436 133640
5600 0.000879 135419.000000 135816 135050
5650 0.000879 136785.000000 137128 136400
5700 0.000899 138145.000000 138528 137732
5750 0.000906 139498.000000 139940 139108
5800 0.000919 140858.000000 141240 140442
5850 0.000913 142224.000000 142686 141802
5900 0.000924 143583.000000 143986 143198
5950 0.000938 144944.000000 145294 144576
6000 0.000945 146306.000000 146684 145940
6050 0.000953 147671.000000 148124 147284
6100 0.000962 149030.000000 149416 148602
6150 0.000976 150394.000000 150794 149904
6200 0.000986 151762.000000 152134 151304
6250 0.000995 153130.000000 153540 152746
6300 0.001003 154494.000000 154908 154020
6350 0.001007 155866.000000 156248 155372
6400 0.001015 157226.000000 157634 156844
6450 0.001029 158596.000000 158972 158232
6500 0.001037 159967.000000 160396 159422
6550 0.001050 161333.000000 161862 160746
6600 0.001067 162705.000000 163064 162292
6650 0.001053 164077.000000 164498 163578
6700 0.001066 165443.000000 165834 164988
6750 0.001072 166820.000000 167256 166326
6800 0.001086 168197.000000 168628 167776
6850 0.001095 169560.000000 169982 169108
6900 0.001110 170937.000000 171322 170464
6950 0.001112 172315.000000 172764 171884
7000 0.001127 173691.000000 174108 173288
7050 0.001137 175060.000000 175462 174616
7100 0.001153 176435.000000 176840 176020
7150 0.001163 177809.000000 178240 177384
7200 0.001164 179182.000000 179644 178750
7250 0.001171 180562.000000 180954 180140
7300 0.001183 181941.000000 182360 181412
7350 0.001180 183319.000000 183782 182842
7400 0.001202 184690.000000 185134 184198
7450 0.001217 186074.000000 186536 185710
7500 0.001220 187452.000000 187842 186990
7550 0.001218 188829.000000 189282 188314
7600 0.001216 190212.000000 190656 189782
7650 0.001230 191588.000000 192074 191170
7700 0.001246 192975.000000 193458 192566
7750 0.001250 194355.000000 194764 193938
7800 0.001258 195738.000000 196216 195346
7850 0.001270 197112.000000 197600 196560
7900 0.001283 198497.000000 198944 198044
7950 0.001289 199876.000000 200354 199386
8000 0.001290 201260.000000 201748 200808
8050 0.001310 202643.000000 203106 202144
8100 0.001329 204024.000000 204516 203498
8150 0.001321 205406.000000 205964 204880
8200 0.001341 206798.000000 207260 206330
8250 0.001349 208223.000000 208744 207702
8300 0.001373 209637.000000 210148 209160
8350 0.001369 211065.000000 211558 210590
8400 0.001374 212489.000000 212962 212058
8450 0.001386 213907.000000 214524 213394
8500 0.001394 215341.000000 215866 214854
8550 0.001391 216767.000000 217206 216358
8600 0.001404 218184.000000 218630 217690
8650 0.001411 219612.000000 220062 219118
8700 0.001421 221041.000000 221514 220590
8750 0.001455 222465.000000 222914 221952
8800 0.001453 223891.000000 224414 223318
8850 0.001466 225326.000000 225858 224788
8900 0.001484 226764.000000 227218 226236
8950 0.001495 228190.000000 228688 227742
9000 0.001491 229624.000000 230110 229100
9050 0.001502 231061.000000 231558 230626
9100 0.001518 232495.000000 233016 231966
9150 0.001500 233922.000000 234376 233434
9200 0.001514 235358.000000 235898 234892
9250 0.001527 236800.000000 237328 236276
9300 0.001545 238237.000000 238712 237774
9350 0.001554 239673.000000 240162 239236
9400 0.001555 241107.000000 241562 240596
9450 0.001567 242537.000000 243110 242044
9500 0.001581 243986.000000 244442 243420
9550 0.001592 245423.000000 245920 244880
9600 0.001587 246863.000000 247368 246412
9650 0.001600 248299.000000 248720 247820
9700 0.001593 249748.000000 250238 249242
9750 0.001602 251194.000000 251772 250714
9800 0.001614 252629.000000 253154 252050
9850 0.001621 254078.000000 254534 253540
9900 0.001629 255520.000000 256068 255050
9950 0.001637 256967.000000 257538 256486
10000 0.001651 258414.000000 258860 257938
