10 0.000002 23.000000 27 18
20 0.000003 67.000000 73 62
30 0.000005 116.000000 123 108
40 0.000007 176.000000 182 170
50 0.000009 237.000000 246 229
60 0.000010 300.000000 308 284
70 0.000012 364.000000 377 353
80 0.000015 435.000000 443 424
90 0.000016 504.000000 520 490
100 0.000019 573.000000 585 554
110 0.000021 647.000000 655 638
120 0.000023 719.000000 735 700
130 0.000020 795.000000 807 781
140 0.000025 875.000000 895 858
150 0.000024 951.000000 962 940
160 0.000028 1031.000000 1048 1016
170 0.000029 1110.000000 1131 1088
180 0.000023 1190.000000 1213 1175
190 0.000024 1263.000000 1290 1225
200 0.000025 1354.000000 1371 1337
210 0.000027 1434.000000 1456 1413
220 0.000029 1516.000000 1542 1493
230 0.000022 1592.000000 1616 1569
240 0.000024 1680.000000 1709 1639
250 0.000025 1766.000000 1785 1741
260 0.000026 1851.000000 1878 1829
270 0.000027 1939.000000 1961 1922
280 0.000023 2023.000000 2052 2003
290 0.000025 2115.000000 2138 2102
300 0.000027 2201.000000 2239 2181
310 0.000026 2293.000000 2314 2272
320 0.000028 2378.000000 2406 2357
330 0.000030 2469.000000 2489 2445
340 0.000031 2557.000000 2582 2534
350 0.000033 2661.000000 2695 2643
360 0.000034 2741.000000 2769 2716
370 0.000035 2839.000000 2857 2822
380 0.000037 2932.000000 2963 2912
390 0.000038 3014.000000 3043 2955
400 0.000036 3109.000000 3147 3089
410 0.000037 3207.000000 3240 3178
420 0.000041 3291.000000 3314 3264
430 0.000042 3374.000000 3416 3355
440 0.000041 3477.000000 3512 3436
450 0.000046 3575.000000 3609 3537
460 0.000044 3661.000000 3693 3630
470 0.000044 3752.000000 3798 3718
480 0.000046 3853.000000 3886 3827
490 0.000047 3947.000000 3996 3909
500 0.000049 4040.000000 4079 4008
510 0.000047 4121.000000 4146 4084
520 0.000051 4222.000000 4244 4199
530 0.000054 4320.000000 4343 4290
540 0.000054 4416.000000 4461 4379
550 0.000052 4517.000000 4541 4486
560 0.000054 4616.000000 4651 4575
570 0.000055 4709.000000 4745 4676
580 0.000055 4810.000000 4857 4783
590 0.000060 4906.000000 4950 4866
600 0.000058 5016.000000 5044 4990
610 0.000058 5114.000000 5138 5077
620 0.000066 5208.000000 5247 5178
630 0.000063 5307.000000 5346 5260
640 0.000068 5404.000000 5444 5374
650 0.000064 5506.000000 5532 5479
660 0.000066 5609.000000 5639 5571
670 0.000067 5715.000000 5746 5676
680 0.000067 5802.000000 5861 5760
690 0.000067 5908.000000 5937 5877
700 0.000068 6002.000000 6044 5966
710 0.000070 6127.000000 6165 6094
720 0.000071 6210.000000 6249 6159
730 0.000073 6317.000000 6364 6274
740 0.000079 6416.000000 6447 6371
750 0.000078 6517.000000 6550 6467
760 0.000080 6616.000000 6671 6567
770 0.000080 6715.000000 6752 6676
780 0.000079 6823.000000 6867 6802
790 0.000081 6910.000000 6967 6875
800 0.000081 7024.000000 7061 6989
810 0.000084 7129.000000 7168 7096
820 0.000083 7231.000000 7272 7157
830 0.000083 7334.000000 7362 7288
840 0.000085 7429.000000 7487 7390
850 0.000089 7526.000000 7571 7492
860 0.000086 7636.000000 7687 7590
870 0.000088 7742.000000 7795 7682
880 0.000091 7841.000000 7885 7803
890 0.000093 7939.000000 7981 7900
900 0.000093 8045.000000 8099 7994
910 0.000095 8149.000000 8198 8084
920 0.000097 8248.000000 8298 8212
930 0.000095 8356.000000 8414 8296
940 0.000101 8463.000000 8510 8423
950 0.000108 8562.000000 8614 8536
960 0.000105 8652.000000 8687 8599
970 0.000106 8764.000000 8812 8717
980 0.000106 8868.000000 8907 8833
990 0.000106 8973.000000 9035 8916
1000 0.000111 9065.000000 9120 9036
1010 0.000108 9169.000000 9221 9125
1020 0.000111 9284.000000 9323 9261
1030 0.000115 9383.000000 9435 9337
1040 0.000111 9492.000000 9538 9456
1050 0.000110 9597.000000 9657 9540
1060 0.000115 9702.000000 9776 9671
1070 0.000112 9812.000000 9869 9765
1080 0.000120 9925.000000 9964 9876
1090 0.000120 10038.000000 10109 9984
1100 0.000123 10138.000000 10191 10072
1110 0.000123 10248.000000 10306 10174
1120 0.000120 10346.000000 10384 10289
1130 0.000122 10462.000000 10520 10394
1140 0.000119 10571.000000 10639 10500
1150 0.000122 10693.000000 10742 10649
1160 0.000127 10784.000000 10864 10736
1170 0.000126 10894.000000 10946 10855
1180 0.000130 11014.000000 11086 10970
1190 0.000139 11125.000000 11163 11094
1200 0.000135 11222.000000 11269 11175
1210 0.000137 11337.000000 11377 11287
1220 0.000138 11446.000000 11490 11367
1230 0.000133 11568.000000 11606 11522
1240 0.000140 11670.000000 11696 11631
1250 0.000142 11783.000000 11835 11739
1260 0.000137 11876.000000 11918 11832
1270 0.000137 11980.000000 12049 11927
1280 0.000136 12103.000000 12160 12056
1290 0.000150 12224.000000 12258 12183
1300 0.000146 12319.000000 12370 12247
1310 0.000153 12426.000000 12469 12381
1320 0.000144 12541.000000 12586 12502
1330 0.000146 12651.000000 12721 12581
1340 0.000156 12760.000000 12798 12706
1350 0.000144 12872.000000 12941 12821
1360 0.000150 12985.000000 13025 12948
1370 0.000156 13092.000000 13135 13053
1380 0.000155 13193.000000 13270 13140
1390 0.000154 13315.000000 13364 13265
1400 0.000156 13420.000000 13456 13378
1410 0.000159 13541.000000 13597 13495
1420 0.000159 13645.000000 13702 13571
1430 0.000164 13765.000000 13829 13703
1440 0.000163 13874.000000 13938 13817
1450 0.000161 13977.000000 14042 13930
1460 0.000168 14094.000000 14139 14019
1470 0.000177 14200.000000 14241 14132
1480 0.000182 14316.000000 14376 14258
1490 0.000179 14424.000000 14471 14385
1500 0.000177 14538.000000 14570 14489
1510 0.000170 14643.000000 14702 14565
1520 0.000167 14760.000000 14818 14709
1530 0.000180 14872.000000 14932 14794
1540 0.000179 14982.000000 15034 14937
1550 0.000182 15095.000000 15142 15049
1560 0.000190 15198.000000 15273 15144
1570 0.000187 15310.000000 15358 15267
1580 0.000188 15419.000000 15478 15366
1590 0.000182 15531.000000 15603 15465
1600 0.000181 15645.000000 15698 15604
1610 0.000190 15759.000000 15830 15689
1620 0.000195 15872.000000 15940 15788
1630 0.000196 15989.000000 16050 15930
1640 0.000187 16097.000000 16149 16061
1650 0.000182 16204.000000 16267 16128
1660 0.000188 16314.000000 16379 16266
1670 0.000191 16434.000000 16486 16377
1680 0.000192 16543.000000 16604 16481
1690 0.000187 16667.000000 16718 16628
1700 0.000196 16779.000000 16846 16732
1710 0.000197 16883.000000 16963 16824
1720 0.000209 16997.000000 17042 16951
1730 0.000204 17098.000000 17155 17037
1740 0.000205 17205.000000 17262 17155
1750 0.000203 17330.000000 17367 17255
1760 0.000215 17454.000000 17501 17371
1770 0.000215 17534.000000 17581 17462
1780 0.000211 17656.000000 17711 17569
1790 0.000207 17777.000000 17831 17666
1800 0.000213 17877.000000 17937 17814
1810 0.000213 18005.000000 18062 17940
1820 0.000222 18115.000000 18185 18068
1830 0.000231 18217.000000 18260 18157
1840 0.000236 18338.000000 18421 18240
1850 0.000239 18462.000000 18503 18397
1860 0.000220 18564.000000 18638 18508
1870 0.000214 18679.000000 18743 18597
1880 0.000231 18795.000000 18846 18729
1890 0.000234 18912.000000 18962 18804
1900 0.000220 19012.000000 19077 18970
1910 0.000229 19139.000000 19189 19075
1920 0.000231 19242.000000 19327 19180
1930 0.000233 19364.000000 19404 19289
1940 0.000228 19470.000000 19535 19422
1950 0.000231 19596.000000 19672 19534
1960 0.000238 19707.000000 19769 19642
1970 0.000235 19813.000000 19852 19745
1980 0.000241 19914.000000 19956 19846
1990 0.000243 20043.000000 20137 19972
2000 0.000248 20146.000000 20214 20103
2010 0.000252 20266.000000 20332 20189
2020 0.000241 20371.000000 20427 20326
2030 0.000240 20480.000000 20547 20405
2040 0.000239 20602.000000 20649 20548
2050 0.000249 20721.000000 20784 20678
2060 0.000257 20838.000000 20891 20805
2070 0.000248 20959.000000 21020 20889
2080 0.000247 21059.000000 21133 21011
2090 0.000254 21190.000000 21283 21137
2100 0.000265 21313.000000 21372 21278
2110 0.000272 21420.000000 21490 21349
2120 0.000249 21540.000000 21593 21499
2130 0.000254 21660.000000 21715 21602
2140 0.000257 21773.000000 21814 21735
2150 0.000264 21895.000000 21948 21825
2160 0.000284 22018.000000 22063 21947
2170 0.000263 22117.000000 22197 22029
2180 0.000272 22249.000000 22304 22191
2190 0.000264 22363.000000 22428 22297
2200 0.000270 22492.000000 22592 22431
2210 0.000271 22590.000000 22667 22532
2220 0.000265 22721.000000 22782 22644
2230 0.000263 22836.000000 22895 22772
2240 0.000267 22958.000000 23030 22906
2250 0.000281 23078.000000 23151 23000
2260 0.000285 23199.000000 23239 23122
2270 0.000280 23325.000000 23384 23253
2280 0.000277 23430.000000 23487 23361
2290 0.000283 23540.000000 23643 23476
2300 0.000280 23669.000000 23744 23612
2310 0.000320 23778.000000 23864 23722
2320 0.000320 23901.000000 23985 23839
2330 0.000291 24028.000000 24118 23905
2340 0.000297 24139.000000 24228 24050
2350 0.000294 24265.000000 24343 24212
2360 0.000300 24388.000000 24471 24333
2370 0.000297 24491.000000 24569 24409
2380 0.000291 24594.000000 24669 24513
2390 0.000299 24746.000000 24806 24710
2400 0.000299 24855.000000 24946 24781
2410 0.000289 24969.000000 25079 24904
2420 0.000296 25094.000000 25149 25054
2430 0.000299 25212.000000 25270 25113
2440 0.000296 25327.000000 25415 25254
2450 0.000310 25436.000000 25497 25377
2460 0.000305 25562.000000 25655 25472
2470 0.000306 25688.000000 25749 25622
2480 0.000300 25813.000000 25869 25763
2490 0.000325 25920.000000 25983 25844
2500 0.000319 26037.000000 26150 25935
2510 0.000305 26166.000000 26231 26108
2520 0.000318 26279.000000 26350 26207
2530 0.000318 26395.000000 26487 26290
2540 0.000318 26535.000000 26611 26461
2550 0.000318 26635.000000 26690 26567
2560 0.000306 26773.000000 26837 26722
2570 0.000321 26896.000000 26971 26815
2580 0.000320 27002.000000 27072 26960
2590 0.000322 27119.000000 27173 27060
2600 0.000314 27232.000000 27293 27138
2610 0.000330 27360.000000 27454 27283
2620 0.000331 27490.000000 27553 27386
2630 0.000332 27606.000000 27671 27544
2640 0.000328 27722.000000 27821 27643
2650 0.000329 27837.000000 27908 27789
2660 0.000335 27972.000000 28042 27897
2670 0.000332 28080.000000 28145 28022
2680 0.000330 28212.000000 28314 28165
2690 0.000330 28317.000000 28444 28166
2700 0.000346 28449.000000 28512 28368
2710 0.000353 28561.000000 28611 28512
2720 0.000335 28680.000000 28741 28615
2730 0.000343 28815.000000 28857 28751
2740 0.000349 28942.000000 28991 28894
2750 0.000364 29043.000000 29093 28978
2760 0.000341 29168.000000 29238 29116
2770 0.000348 29282.000000 29344 29219
2780 0.000355 29395.000000 29468 29331
2790 0.000349 29525.000000 29598 29441
2800 0.000352 29638.000000 29690 29573
2810 0.000337 29768.000000 29887 29688
2820 0.000361 29889.000000 30000 29804
2830 0.000374 30007.000000 30085 29924
2840 0.000370 30119.000000 30178 30062
2850 0.000351 30282.000000 30344 30187
2860 0.000375 30376.000000 30431 30326
2870 0.000377 30496.000000 30610 30408
2880 0.000361 30628.000000 30687 30527
2890 0.000388 30740.000000 30835 30666
2900 0.000378 30842.000000 30902 30788
2910 0.000364 30980.000000 31070 30889
2920 0.000382 31111.000000 31232 31042
2930 0.000368 31208.000000 31274 31115
2940 0.000371 31331.000000 31463 31235
2950 0.000374 31463.000000 31545 31402
2960 0.000369 31578.000000 31662 31504
2970 0.000378 31708.000000 31789 31638
2980 0.000373 31828.000000 31929 31765
2990 0.000388 31948.000000 32028 31887
3000 0.000386 32069.000000 32134 32007
3010 0.000391 32203.000000 32301 32133
3020 0.000388 32315.000000 32370 32257
3030 0.000376 32438.000000 32490 32374
3040 0.000394 32556.000000 32616 32464
3050 0.000393 32661.000000 32777 32568
3060 0.000388 32789.000000 32865 32693
3070 0.000394 32911.000000 32961 32847
3080 0.000399 33033.000000 33110 32956
3090 0.000386 33157.000000 33208 33050
3100 0.000389 33268.000000 33338 33203
3110 0.000416 33407.000000 33487 33321
3120 0.000406 33529.000000 33606 33473
3130 0.000412 33653.000000 33724 33595
3140 0.000411 33753.000000 33826 33635
3150 0.000412 33890.000000 33956 33797
3160 0.000395 34013.000000 34069 33958
3170 0.000400 34135.000000 34208 34073
3180 0.000419 34245.000000 34283 34199
3190 0.000420 34368.000000 34474 34307
3200 0.000409 34492.000000 34533 34431
3210 0.000415 34629.000000 34713 34526
3220 0.000422 34740.000000 34836 34631
3230 0.000427 34866.000000 34923 34815
3240 0.000446 34982.000000 35091 34896
3250 0.000413 35115.000000 35185 35016
3260 0.000414 35234.000000 35303 35166
3270 0.000425 35356.000000 35418 35285
3280 0.000443 35459.000000 35563 35419
3290 0.000427 35602.000000 35709 35522
3300 0.000450 35730.000000 35808 35617
3310 0.000435 35824.000000 35894 35760
3320 0.000429 35967.000000 36024 35901
3330 0.000434 36073.000000 36164 35992
3340 0.000436 36198.000000 36256 36122
3350 0.000428 36324.000000 36402 36222
3360 0.000431 36456.000000 36567 36378
3370 0.000427 36569.000000 36683 36459
3380 0.000438 36700.000000 36779 36617
3390 0.000434 36817.000000 36909 36763
3400 0.000453 36934.000000 37024 36857
3410 0.000437 37056.000000 37152 36973
3420 0.000436 37194.000000 37274 37117
3430 0.000459 37291.000000 37406 37227
3440 0.000453 37443.000000 37563 37363
3450 0.000439 37548.000000 37653 37476
3460 0.000468 37661.000000 37761 37562
3470 0.000462 37798.000000 37917 37728
3480 0.000455 37907.000000 37966 37807
3490 0.000456 38044.000000 38160 37900
3500 0.000454 38172.000000 38300 38111
3510 0.000464 38280.000000 38353 38191
3520 0.000475 38420.000000 38472 38329
3530 0.000481 38531.000000 38614 38398
3540 0.000484 38652.000000 38760 38550
3550 0.000468 38789.000000 38856 38712
3560 0.000473 38926.000000 39042 38837
3570 0.000454 39015.000000 39104 38948
3580 0.000486 39149.000000 39202 39081
3590 0.000482 39274.000000 39341 39154
3600 0.000470 39385.000000 39493 39322
3610 0.000497 39509.000000 39590 39428
3620 0.000481 39630.000000 39705 39569
3630 0.000477 39767.000000 39864 39682
3640 0.000501 39891.000000 39952 39810
3650 0.000489 40024.000000 40136 39945
3660 0.000494 40133.000000 40223 40063
3670 0.000478 40256.000000 40321 40158
3680 0.000490 40372.000000 40457 40320
3690 0.000506 40497.000000 40586 40380
3700 0.000484 40594.000000 40687 40506
3710 0.000488 40744.000000 40848 40652
3720 0.000496 40849.000000 40926 40764
3730 0.000487 40984.000000 41091 40900
3740 0.000479 41114.000000 41201 41047
3750 0.000485 41239.000000 41308 41131
3760 0.000492 41346.000000 41455 41279
3770 0.000496 41474.000000 41555 41358
3780 0.000514 41593.000000 41687 41509
3790 0.000523 41696.000000 41791 41551
3800 0.000526 41835.000000 41905 41716
3810 0.000522 41957.000000 42025 41907
3820 0.000500 42090.000000 42183 41930
3830 0.000511 42221.000000 42303 42135
3840 0.000504 42319.000000 42406 42220
3850 0.000497 42465.000000 42570 42396
3860 0.000512 42604.000000 42740 42496
3870 0.000503 42709.000000 42772 42578
3880 0.000520 42834.000000 42920 42726
3890 0.000525 42949.000000 43037 42879
3900 0.000521 43067.000000 43169 42963
3910 0.000514 43208.000000 43282 43133
3920 0.000514 43326.000000 43434 43199
3930 0.000518 43443.000000 43529 43367
3940 0.000534 43566.000000 43641 43478
3950 0.000517 43682.000000 43846 43601
3960 0.000519 43819.000000 43874 43739
3970 0.000539 43956.000000 44025 43881
3980 0.000539 44088.000000 44163 43969
3990 0.000556 44185.000000 44274 44091
4000 0.000537 44312.000000 44389 44248
4010 0.000529 44414.000000 44487 44322
4020 0.000554 44568.000000 44651 44499
4030 0.000537 44671.000000 44765 44612
4040 0.000554 44802.000000 44897 44676
4050 0.000555 44935.000000 45015 44888
4060 0.000560 45054.000000 45118 44986
4070 0.000555 45182.000000 45228 45106
4080 0.000555 45295.000000 45367 45213
4090 0.000569 45419.000000 45524 45293
4100 0.000550 45527.000000 45622 45452
4110 0.000552 45665.000000 45747 45587
4120 0.000559 45803.000000 45905 45713
4130 0.000571 45943.000000 46007 45879
4140 0.000558 46040.000000 46128 45964
4150 0.000588 46179.000000 46293 46084
4160 0.000586 46321.000000 46420 46228
4170 0.000557 46437.000000 46489 46380
4180 0.000566 46548.000000 46684 46460
4190 0.000563 46695.000000 46787 46592
4200 0.000564 46824.000000 46920 46739
4210 0.000571 46929.000000 46994 46838
4220 0.000574 47077.000000 47201 47013
4230 0.000555 47198.000000 47265 47135
4240 0.000600 47334.000000 47392 47213
4250 0.000571 47429.000000 47540 47322
4260 0.000600 47578.000000 47688 47491
4270 0.000572 47698.000000 47817 47589
4280 0.000574 47836.000000 47908 47748
4290 0.000595 47953.000000 48046 47827
4300 0.000593 48094.000000 48189 48005
4310 0.000583 48242.000000 48373 48143
4320 0.000592 48322.000000 48441 48219
4330 0.000579 48474.000000 48536 48390
4340 0.000593 48619.000000 48704 48469
4350 0.000585 48704.000000 48830 48582
4360 0.000614 48853.000000 48960 48736
4370 0.000630 48977.000000 49065 48913
4380 0.000648 49104.000000 49173 49021
4390 0.000601 49219.000000 49291 49147
4400 0.000600 49354.000000 49474 49243
4410 0.000588 49502.000000 49601 49394
4420 0.000596 49613.000000 49676 49543
4430 0.000602 49765.000000 49894 49660
4440 0.000620 49893.000000 50054 49769
4450 0.000626 50006.000000 50088 49920
4460 0.000620 50132.000000 50236 50026
4470 0.000618 50264.000000 50359 50133
4480 0.000608 50395.000000 50535 50263
4490 0.000596 50521.000000 50589 50440
4500 0.000597 50655.000000 50737 50542
4510 0.000606 50761.000000 50810 50679
4520 0.000630 50904.000000 51013 50797
4530 0.000617 51042.000000 51177 50932
4540 0.000641 51175.000000 51258 51063
4550 0.000597 51313.000000 51413 51244
4560 0.000647 51414.000000 51521 51336
4570 0.000621 51553.000000 51646 51449
4580 0.000646 51677.000000 51785 51545
4590 0.000626 51803.000000 51893 51714
4600 0.000615 51940.000000 52001 51834
4610 0.000627 52075.000000 52139 52005
4620 0.000630 52184.000000 52251 52105
4630 0.000660 52307.000000 52392 52226
4640 0.000638 52463.000000 52541 52362
4650 0.000645 52583.000000 52716 52487
4660 0.000637 52712.000000 52802 52640
4670 0.000675 52814.000000 52917 52690
4680 0.000622 52966.000000 53096 52820
4690 0.000646 53114.000000 53195 53040
4700 0.000644 53226.000000 53328 53124
4710 0.000656 53340.000000 53430 53296
4720 0.000653 53495.000000 53566 53387
4730 0.000679 53605.000000 53754 53498
4740 0.000638 53730.000000 53794 53636
4750 0.000629 53871.000000 53953 53714
4760 0.000663 53997.000000 54101 53901
4770 0.000639 54144.000000 54235 54041
4780 0.000636 54233.000000 54356 54121
4790 0.000652 54407.000000 54553 54318
4800 0.000679 54520.000000 54661 54402
4810 0.000647 54629.000000 54720 54550
4820 0.000649 54768.000000 54887 54594
4830 0.000651 54898.000000 54975 54782
4840 0.000659 55022.000000 55124 54938
4850 0.000655 55151.000000 55216 55097
4860 0.000673 55277.000000 55360 55188
4870 0.000673 55419.000000 55495 55323
4880 0.000717 55538.000000 55654 55464
4890 0.000660 55664.000000 55750 55597
4900 0.000697 55804.000000 55868 55718
4910 0.000679 55936.000000 56027 55817
4920 0.000703 56064.000000 56150 55981
4930 0.000684 56182.000000 56279 56107
4940 0.000719 56316.000000 56482 56220
4950 0.000667 56452.000000 56530 56372
4960 0.000686 56560.000000 56642 56484
4970 0.000668 56715.000000 56800 56593
4980 0.000694 56819.000000 56903 56717
4990 0.000689 56982.000000 57123 56841
5000 0.000736 57095.000000 57233 57018
5010 0.000691 57228.000000 57317 57147
5020 0.000702 57379.000000 57479 57297
5030 0.000694 57496.000000 57619 57394
5040 0.000700 57599.000000 57672 57507
5050 0.000682 57731.000000 57824 57616
5060 0.000703 57869.000000 57949 57775
5070 0.000710 58020.000000 58097 57936
5080 0.000728 58144.000000 58289 58019
5090 0.000702 58247.000000 58390 58086
5100 0.000738 58371.000000 58453 58268
5110 0.000679 58523.000000 58632 58456
5120 0.000720 58650.000000 58733 58524
5130 0.000710 58786.000000 58897 58716
5140 0.000762 58914.000000 58990 58815
5150 0.000710 59058.000000 59129 58964
5160 0.000754 59141.000000 59192 59087
5170 0.000728 59301.000000 59387 59198
5180 0.000725 59430.000000 59508 59361
5190 0.000747 59563.000000 59646 59455
5200 0.000718 59710.000000 59818 59604
5210 0.000701 59813.000000 59904 59685
5220 0.000720 59961.000000 60084 59846
5230 0.000726 60095.000000 60199 60006
5240 0.000723 60210.000000 60319 60051
5250 0.000794 60346.000000 60479 60273
5260 0.000743 60495.000000 60595 60343
5270 0.000738 60609.000000 60720 60496
5280 0.000733 60735.000000 60813 60621
5290 0.000745 60875.000000 61002 60752
5300 0.000754 60992.000000 61115 60848
5310 0.000751 61116.000000 61201 61027
5320 0.000725 61259.000000 61339 61149
5330 0.000757 61394.000000 61525 61265
5340 0.000773 61504.000000 61665 61398
5350 0.000757 61621.000000 61698 61524
5360 0.000739 61774.000000 61906 61644
5370 0.000751 61884.000000 62034 61762
5380 0.000759 62032.000000 62164 61890
5390 0.000740 62137.000000 62282 61984
5400 0.000760 62277.000000 62403 62183
5410 0.000747 62413.000000 62509 62304
5420 0.000769 62548.000000 62605 62486
5430 0.000754 62700.000000 62773 62595
5440 0.000744 62810.000000 62905 62693
5450 0.000782 62944.000000 63047 62846
5460 0.000751 63081.000000 63167 62928
5470 0.000758 63218.000000 63365 63093
5480 0.000764 63318.000000 63438 63206
5490 0.000803 63500.000000 63576 63367
5500 0.000816 63605.000000 63706 63474
5510 0.000774 63730.000000 63802 63602
5520 0.000777 63845.000000 63969 63704
5530 0.000760 63977.000000 64049 63869
5540 0.000775 64124.000000 64225 64035
5550 0.000761 64232.000000 64325 64121
5560 0.000781 64401.000000 64467 64297
5570 0.000781 64511.000000 64638 64374
5580 0.000804 64675.000000 64778 64551
5590 0.000787 64775.000000 64929 64687
5600 0.000801 64903.000000 64998 64841
5610 0.000808 65033.000000 65137 64949
5620 0.000797 65174.000000 65275 65071
5630 0.000805 65279.000000 65408 65189
5640 0.000792 65425.000000 65516 65294
5650 0.000798 65523.000000 65622 65454
5660 0.000805 65675.000000 65740 65614
5670 0.000829 65825.000000 65916 65698
5680 0.000824 65948.000000 66068 65836
5690 0.000804 66084.000000 66203 65977
5700 0.000789 66229.000000 66291 66152
5710 0.000820 66345.000000 66449 66274
5720 0.000834 66486.000000 66578 66411
5730 0.000816 66597.000000 66674 66529
5740 0.000811 66730.000000 66817 66611
5750 0.000814 66868.000000 66982 66748
5760 0.000810 66988.000000 67092 66846
5770 0.000827 67122.000000 67259 66979
5780 0.000795 67244.000000 67392 67134
5790 0.000851 67401.000000 67510 67277
5800 0.000835 67518.000000 67649 67432
5810 0.000819 67633.000000 67843 67481
5820 0.000858 67789.000000 67900 67682
5830 0.000817 67922.000000 68004 67853
5840 0.000819 68024.000000 68174 67920
5850 0.000846 68167.000000 68308 68074
5860 0.000820 68305.000000 68440 68221
5870 0.000851 68446.000000 68529 68351
5880 0.000831 68581.000000 68629 68483
5890 0.000811 68694.000000 68832 68593
5900 0.000822 68850.000000 68951 68735
5910 0.000819 68944.000000 69057 68807
5920 0.000846 69090.000000 69195 68956
5930 0.000833 69223.000000 69303 69088
5940 0.000856 69347.000000 69459 69249
5950 0.000840 69478.000000 69591 69390
5960 0.000850 69620.000000 69738 69527
5970 0.000864 69740.000000 69821 69580
5980 0.000849 69882.000000 69947 69799
5990 0.000841 70025.000000 70139 69897
6000 0.000854 70150.000000 70253 70045
6010 0.000819 70282.000000 70407 70192
6020 0.000880 70406.000000 70516 70315
6030 0.000878 70513.000000 70606 70448
6040 0.000876 70681.000000 70784 70571
6050 0.000922 70805.000000 70933 70631
6060 0.000871 70931.000000 71053 70820
6070 0.000882 71068.000000 71189 70963
6080 0.000876 71193.000000 71311 71105
6090 0.000944 71345.000000 71477 71180
6100 0.000867 71447.000000 71590 71279
6110 0.000877 71584.000000 71677 71522
6120 0.000873 71709.000000 71772 71573
6130 0.000904 71848.000000 71963 71747
6140 0.000905 71982.000000 72102 71876
6150 0.000969 72123.000000 72223 72030
6160 0.000908 72229.000000 72344 72148
6170 0.000931 72377.000000 72479 72215
6180 0.000904 72497.000000 72602 72391
6190 0.000944 72645.000000 72815 72464
6200 0.000947 72772.000000 72863 72649
6210 0.000935 72869.000000 72974 72774
6220 0.000927 73041.000000 73159 72925
6230 0.000886 73185.000000 73280 72988
6240 0.000889 73303.000000 73378 73193
6250 0.000912 73422.000000 73531 73292
6260 0.000914 73543.000000 73695 73346
6270 0.000915 73686.000000 73839 73563
6280 0.000915 73824.000000 73942 73641
6290 0.000904 73951.000000 74025 73852
6300 0.000902 74103.000000 74235 73994
6310 0.000891 74243.000000 74347 74100
6320 0.000922 74350.000000 74458 74191
6330 0.000929 74467.000000 74571 74378
6340 0.000944 74633.000000 74708 74533
6350 0.000913 74754.000000 74890 74629
6360 0.000910 74864.000000 74991 74751
6370 0.000925 75010.000000 75096 74797
6380 0.000926 75153.000000 75270 75058
6390 0.000902 75282.000000 75371 75168
6400 0.000931 75404.000000 75490 75304
6410 0.000921 75518.000000 75652 75371
6420 0.000919 75665.000000 75806 75567
6430 0.000976 75810.000000 75925 75703
6440 0.000929 75929.000000 76102 75789
6450 0.000928 76066.000000 76179 75921
6460 0.000986 76219.000000 76394 76088
6470 0.000956 76322.000000 76460 76203
6480 0.000943 76460.000000 76580 76309
6490 0.000959 76588.000000 76684 76493
6500 0.000944 76732.000000 76819 76578
6510 0.000942 76852.000000 77002 76736
6520 0.000961 76993.000000 77099 76871
6530 0.000958 77096.000000 77248 76995
6540 0.000988 77258.000000 77353 77147
6550 0.000961 77375.000000 77482 77228
6560 0.000983 77524.000000 77637 77378
6570 0.000968 77649.000000 77776 77473
6580 0.000959 77779.000000 77897 77655
6590 0.000955 77895.000000 78022 77736
6600 0.000971 78060.000000 78146 77977
6610 0.000968 78183.000000 78285 78101
6620 0.000980 78289.000000 78360 78189
6630 0.000961 78423.000000 78560 78307
6640 0.000968 78581.000000 78707 78475
6650 0.000983 78702.000000 78823 78579
6660 0.000979 78838.000000 78940 78727
6670 0.000981 78960.000000 79011 78868
6680 0.001003 79095.000000 79232 78977
6690 0.001013 79244.000000 79385 79132
6700 0.001021 79360.000000 79470 79241
6710 0.000988 79508.000000 79640 79406
6720 0.000992 79629.000000 79725 79419
6730 0.000982 79764.000000 79860 79630
6740 0.000968 79897.000000 79993 79808
6750 0.000984 80037.000000 80167 79949
6760 0.000966 80155.000000 80278 80045
6770 0.000980 80280.000000 80403 80186
6780 0.000990 80433.000000 80561 80332
6790 0.001005 80545.000000 80680 80365
6800 0.000997 80710.000000 80808 80626
6810 0.000996 80819.000000 80914 80736
6820 0.000977 80961.000000 81104 80788
6830 0.001005 81071.000000 81189 80987
6840 0.000985 81196.000000 81318 81048
6850 0.000994 81352.000000 81531 81255
6860 0.000989 81502.000000 81612 81350
6870 0.000992 81633.000000 81768 81442
6880 0.000996 81757.000000 81966 81617
6890 0.000996 81869.000000 82003 81729
6900 0.001042 82002.000000 82127 81882
6910 0.000994 82174.000000 82272 82041
6920 0.000989 82266.000000 82380 82156
6930 0.001028 82390.000000 82519 82309
6940 0.001000 82559.000000 82676 82473
6950 0.000991 82676.000000 82829 82556
6960 0.001032 82818.000000 82938 82747
6970 0.001012 82924.000000 83103 82833
6980 0.000996 83068.000000 83131 82910
6990 0.001052 83230.000000 83301 83149
7000 0.001003 83356.000000 83513 83281
7010 0.001039 83468.000000 83561 83347
7020 0.001013 83596.000000 83753 83495
7030 0.001030 83713.000000 83842 83596
7040 0.001033 83868.000000 83986 83743
7050 0.001039 83995.000000 84132 83885
7060 0.001004 84117.000000 84228 83980
7070 0.001032 84265.000000 84356 84139
7080 0.001033 84397.000000 84501 84273
7090 0.001038 84544.000000 84655 84357
7100 0.001047 84640.000000 84761 84481
7110 0.001021 84808.000000 84893 84677
7120 0.001025 84950.000000 85050 84847
7130 0.001057 85046.000000 85182 84884
7140 0.001036 85198.000000 85319 85073
7150 0.001054 85306.000000 85498 85199
7160 0.001064 85450.000000 85606 85315
7170 0.001045 85575.000000 85770 85443
7180 0.001019 85728.000000 85885 85598
7190 0.001041 85845.000000 85980 85689
7200 0.001063 85979.000000 86067 85877
7210 0.001091 86117.000000 86241 85943
7220 0.001038 86248.000000 86387 86115
7230 0.001042 86374.000000 86475 86232
7240 0.001068 86508.000000 86651 86372
7250 0.001040 86625.000000 86740 86492
7260 0.001043 86799.000000 86914 86663
7270 0.001042 86890.000000 86992 86777
7280 0.001091 87037.000000 87180 86862
7290 0.001053 87195.000000 87348 87067
7300 0.001044 87291.000000 87462 87138
7310 0.001039 87427.000000 87630 87324
7320 0.001093 87581.000000 87729 87470
7330 0.001100 87717.000000 87842 87573
7340 0.001085 87830.000000 87946 87726
7350 0.001050 87961.000000 88072 87880
7360 0.001059 88123.000000 88250 88027
7370 0.001096 88224.000000 88368 87984
7380 0.001092 88349.000000 88427 88236
7390 0.001067 88506.000000 88603 88414
7400 0.001081 88636.000000 88753 88491
7410 0.001094 88761.000000 88899 88623
7420 0.001124 88894.000000 89034 88776
7430 0.001099 89026.000000 89169 88877
7440 0.001098 89197.000000 89300 89109
7450 0.001082 89290.000000 89430 89184
7460 0.001090 89397.000000 89504 89255
7470 0.001098 89565.000000 89697 89469
7480 0.001104 89693.000000 89822 89505
7490 0.001097 89835.000000 90003 89726
7500 0.001124 89973.000000 90087 89881
7510 0.001099 90074.000000 90185 89932
7520 0.001113 90225.000000 90347 90123
7530 0.001099 90355.000000 90422 90275
7540 0.001091 90500.000000 90612 90384
7550 0.001112 90632.000000 90819 90530
7560 0.001139 90776.000000 90964 90662
7570 0.001182 90905.000000 91099 90818
7580 0.001109 91028.000000 91179 90931
7590 0.001170 91178.000000 91274 91080
7600 0.001138 91295.000000 91443 91129
7610 0.001106 91444.000000 91589 91331
7620 0.001091 91572.000000 91746 91402
7630 0.001128 91693.000000 91785 91582
7640 0.001131 91812.000000 91970 91656
7650 0.001135 91969.000000 92040 91885
7660 0.001207 92087.000000 92194 92005
7670 0.001128 92235.000000 92433 92126
7680 0.001160 92381.000000 92517 92192
7690 0.001114 92497.000000 92645 92372
7700 0.001122 92612.000000 92777 92497
7710 0.001127 92775.000000 92896 92652
7720 0.001143 92867.000000 92965 92794
7730 0.001112 93010.000000 93133 92833
7740 0.001132 93160.000000 93239 93090
7750 0.001135 93293.000000 93443 93190
7760 0.001134 93409.000000 93562 93315
7770 0.001153 93555.000000 93698 93388
7780 0.001151 93674.000000 93784 93539
7790 0.001138 93821.000000 93954 93751
7800 0.001156 93978.000000 94107 93849
7810 0.001173 94096.000000 94187 94002
7820 0.001177 94225.000000 94321 94035
7830 0.001209 94336.000000 94418 94239
7840 0.001192 94507.000000 94638 94385
7850 0.001194 94637.000000 94739 94560
7860 0.001182 94761.000000 94894 94616
7870 0.001163 94894.000000 95132 94716
7880 0.001172 94979.000000 95105 94859
7890 0.001173 95155.000000 95340 94997
7900 0.001207 95286.000000 95417 95123
7910 0.001162 95410.000000 95522 95225
7920 0.001199 95562.000000 95700 95464
7930 0.001199 95678.000000 95821 95588
7940 0.001230 95826.000000 96130 95674
7950 0.001177 95951.000000 96064 95795
7960 0.001247 96103.000000 96215 95939
7970 0.001234 96219.000000 96466 96084
7980 0.001160 96344.000000 96477 96231
7990 0.001214 96488.000000 96613 96299
8000 0.001212 96610.000000 96725 96498
8010 0.001187 96738.000000 96845 96578
8020 0.001146 96877.000000 97044 96751
8030 0.001224 97016.000000 97128 96912
8040 0.001194 97143.000000 97277 97019
8050 0.001200 97292.000000 97483 97153
8060 0.001244 97404.000000 97542 97253
8070 0.001354 97558.000000 97686 97446
8080 0.001222 97689.000000 97806 97572
8090 0.001216 97814.000000 97968 97682
8100 0.001213 97984.000000 98148 97853
8110 0.001224 98082.000000 98182 97969
8120 0.001261 98227.000000 98335 98139
8130 0.001201 98372.000000 98459 98219
8140 0.001265 98470.000000 98650 98327
8150 0.001237 98598.000000 98812 98458
8160 0.001245 98730.000000 98900 98555
8170 0.001232 98876.000000 99028 98761
8180 0.001211 99014.000000 99133 98890
8190 0.001197 99176.000000 99293 99041
8200 0.001278 99294.000000 99388 99217
8210 0.001247 99428.000000 99549 99292
8220 0.001261 99585.000000 99724 99480
8230 0.001253 99696.000000 99859 99544
8240 0.001256 99831.000000 99922 99698
8250 0.001260 99968.000000 100131 99846
8260 0.001236 100130.000000 100253 99902
8270 0.001287 100269.000000 100370 100145
8280 0.001222 100385.000000 100507 100294
8290 0.001243 100529.000000 100591 100399
8300 0.001243 100669.000000 100735 100556
8310 0.001250 100787.000000 100960 100660
8320 0.001258 100950.000000 101141 100826
8330 0.001304 101088.000000 101227 100952
8340 0.001323 101206.000000 101335 101063
8350 0.001266 101333.000000 101516 101240
8360 0.001320 101490.000000 101602 101384
8370 0.001371 101612.000000 101786 101501
8380 0.001275 101756.000000 101977 101625
8390 0.001279 101906.000000 101999 101769
8400 0.001234 102014.000000 102125 101802
8410 0.001262 102170.000000 102241 102073
8420 0.001290 102301.000000 102404 102187
8430 0.001273 102464.000000 102607 102322
8440 0.001275 102590.000000 102782 102460
8450 0.001297 102713.000000 102822 102616
8460 0.001347 102852.000000 102989 102751
8470 0.001276 102969.000000 103111 102762
8480 0.001300 103146.000000 103262 103016
8490 0.001318 103252.000000 103354 103134
8500 0.001312 103402.000000 103483 103266
8510 0.001327 103562.000000 103694 103439
8520 0.001319 103672.000000 103822 103565
8530 0.001315 103824.000000 103946 103735
8540 0.001282 103939.000000 104066 103775
8550 0.001322 104079.000000 104237 103890
8560 0.001297 104217.000000 104414 104087
8570 0.001307 104400.000000 104515 104267
8580 0.001291 104486.000000 104624 104320
8590 0.001276 104637.000000 104801 104497
8600 0.001305 104746.000000 104890 104621
8610 0.001344 104930.000000 105045 104848
8620 0.001313 105032.000000 105164 104877
8630 0.001303 105203.000000 105367 105103
8640 0.001323 105328.000000 105406 105197
8650 0.001302 105466.000000 105593 105314
8660 0.001308 105627.000000 105751 105485
8670 0.001349 105754.000000 105907 105612
8680 0.001335 105862.000000 105978 105712
8690 0.001300 106029.000000 106168 105865
8700 0.001297 106162.000000 106279 106067
8710 0.001333 106313.000000 106478 106218
8720 0.001319 106428.000000 106596 106325
8730 0.001297 106582.000000 106681 106403
8740 0.001313 106721.000000 106892 106549
8750 0.001328 106858.000000 106977 106731
8760 0.001318 106985.000000 107133 106840
8770 0.001341 107133.000000 107281 107044
8780 0.001334 107246.000000 107333 107122
8790 0.001314 107398.000000 107551 107175
8800 0.001332 107532.000000 107665 107375
8810 0.001350 107696.000000 107860 107593
8820 0.001348 107773.000000 107904 107675
8830 0.001321 107921.000000 108051 107813
8840 0.001397 108085.000000 108236 107974
8850 0.001340 108230.000000 108363 108012
8860 0.001355 108374.000000 108520 108238
8870 0.001324 108499.000000 108711 108311
8880 0.001315 108633.000000 108794 108487
8890 0.001332 108768.000000 108909 108667
8900 0.001388 108954.000000 109094 108847
8910 0.001336 109079.000000 109196 108976
8920 0.001377 109208.000000 109340 109090
8930 0.001347 109302.000000 109559 109164
8940 0.001346 109443.000000 109570 109316
8950 0.001332 109634.000000 109729 109492
8960 0.001381 109751.000000 109891 109609
8970 0.001364 109901.000000 110030 109754
8980 0.001340 110037.000000 110165 109956
8990 0.001390 110178.000000 110284 110063
9000 0.001479 110286.000000 110401 110161
9010 0.001356 110445.000000 110605 110296
9020 0.001361 110561.000000 110744 110458
9030 0.001414 110736.000000 110870 110609
9040 0.001355 110836.000000 111015 110714
9050 0.001378 110984.000000 111148 110859
9060 0.001370 111169.000000 111326 111050
9070 0.001377 111284.000000 111454 111175
9080 0.001398 111403.000000 111532 111273
9090 0.001388 111527.000000 111652 111419
9100 0.001362 111668.000000 111775 111571
9110 0.001391 111820.000000 111924 111729
9120 0.001399 111967.000000 112155 111837
9130 0.001369 112085.000000 112177 111974
9140 0.001386 112237.000000 112343 112121
9150 0.001378 112390.000000 112560 112201
9160 0.001370 112486.000000 112582 112346
9170 0.001397 112630.000000 112754 112498
9180 0.001409 112802.000000 113011 112670
9190 0.001368 112963.000000 113110 112794
9200 0.001406 113076.000000 113236 112947
9210 0.001405 113201.000000 113372 113086
9220 0.001418 113336.000000 113456 113213
9230 0.001431 113478.000000 113602 113265
9240 0.001416 113634.000000 113754 113504
9250 0.001436 113748.000000 113863 113652
9260 0.001451 113885.000000 114157 113699
9270 0.001379 114034.000000 114142 113834
9280 0.001433 114136.000000 114282 113964
9290 0.001432 114308.000000 114480 114146
9300 0.001437 114459.000000 114601 114319
9310 0.001480 114571.000000 114710 114361
9320 0.001478 114708.000000 114831 114553
9330 0.001428 114858.000000 115065 114707
9340 0.001425 115016.000000 115101 114902
9350 0.001438 115160.000000 115246 114964
9360 0.001468 115303.000000 115405 115160
9370 0.001454 115422.000000 115528 115254
9380 0.001455 115574.000000 115662 115439
9390 0.001473 115751.000000 115818 115633
9400 0.001820 115845.000000 116031 115678
9410 0.001507 115995.000000 116205 115832
9420 0.001464 116102.000000 116248 115958
9430 0.001456 116281.000000 116405 116190
9440 0.001429 116401.000000 116531 116253
9450 0.001441 116519.000000 116634 116391
9460 0.001449 116685.000000 116808 116560
9470 0.001459 116829.000000 116956 116744
9480 0.001397 116957.000000 117048 116793
9490 0.001450 117065.000000 117167 116900
9500 0.001465 117234.000000 117387 117108
9510 0.001440 117383.000000 117552 117277
9520 0.001423 117506.000000 117640 117361
9530 0.001474 117645.000000 117763 117512
9540 0.001496 117773.000000 117955 117651
9550 0.001487 117940.000000 118075 117808
9560 0.001474 118074.000000 118200 117945
9570 0.001454 118182.000000 118352 118037
9580 0.001472 118347.000000 118577 118246
9590 0.001478 118485.000000 118647 118364
9600 0.001476 118642.000000 118843 118498
9610 0.001462 118761.000000 118866 118650
9620 0.001447 118924.000000 119103 118837
9630 0.001508 119057.000000 119236 118892
9640 0.001446 119198.000000 119306 119079
9650 0.001457 119315.000000 119494 119177
9660 0.001563 119486.000000 119628 119346
9670 0.001481 119585.000000 119709 119424
9680 0.001448 119761.000000 119927 119515
9690 0.001460 119887.000000 120094 119718
9700 0.001482 120030.000000 120151 119932
9710 0.001485 120171.000000 120354 120046
9720 0.001485 120297.000000 120432 120105
9730 0.001486 120424.000000 120515 120286
9740 0.001556 120534.000000 120693 120426
9750 0.001528 120714.000000 120811 120608
9760 0.001523 120844.000000 120963 120734
9770 0.001506 120960.000000 121107 120814
9780 0.001516 121154.000000 121286 120970
9790 0.001485 121279.000000 121426 121154
9800 0.001519 121419.000000 121608 121229
9810 0.001506 121556.000000 121681 121467
9820 0.001517 121688.000000 121863 121560
9830 0.001524 121819.000000 121999 121659
9840 0.001575 121943.000000 122128 121753
9850 0.001497 122079.000000 122280 121986
9860 0.001498 122242.000000 122355 122081
9870 0.001550 122401.000000 122536 122202
9880 0.001530 122523.000000 122644 122346
9890 0.001522 122664.000000 122800 122542
9900 0.001536 122796.000000 122941 122668
9910 0.001506 122943.000000 123049 122863
9920 0.001517 123079.000000 123201 122941
9930 0.001547 123222.000000 123408 123080
9940 0.001554 123349.000000 123504 123238
9950 0.001579 123532.000000 123713 123398
9960 0.001518 123613.000000 123734 123401
9970 0.001532 123784.000000 123940 123579
9980 0.001561 123925.000000 124119 123790
9990 0.001569 124031.000000 124223 123938
10000 0.001533 124186.000000 124310 124014
