10 0.000001 4.000000 5 0
20 0.000001 9.000000 10 5
30 0.000002 14.000000 15 11
40 0.000003 19.000000 20 16
50 0.000004 23.000000 25 18
60 0.000004 29.000000 30 25
70 0.000005 34.000000 35 31
80 0.000006 39.000000 40 35
90 0.000007 44.000000 45 42
100 0.000008 48.000000 50 40
110 0.000008 53.000000 55 47
120 0.000009 59.000000 60 55
130 0.000011 64.000000 65 58
140 0.000011 68.000000 70 64
150 0.000012 74.000000 75 69
160 0.000012 78.000000 80 74
170 0.000014 84.000000 85 79
180 0.000015 88.000000 90 81
190 0.000014 93.000000 95 89
200 0.000016 99.000000 100 95
210 0.000017 103.000000 105 100
220 0.000024 108.000000 110 104
230 0.000025 113.000000 115 108
240 0.000021 118.000000 120 114
250 0.000024 123.000000 125 121
260 0.000022 128.000000 130 124
270 0.000023 133.000000 135 129
280 0.000022 139.000000 140 134
290 0.000023 144.000000 145 141
300 0.000023 148.000000 150 139
310 0.000025 153.000000 155 151
320 0.000026 158.000000 160 152
330 0.000027 163.000000 165 160
340 0.000027 169.000000 170 167
350 0.000028 173.000000 175 169
360 0.000032 178.000000 180 173
370 0.000030 183.000000 185 178
380 0.000033 188.000000 190 179
390 0.000034 194.000000 195 192
400 0.000034 198.000000 200 189
410 0.000040 204.000000 205 199
420 0.000039 209.000000 210 204
430 0.000038 213.000000 215 210
440 0.000038 219.000000 220 215
450 0.000037 224.000000 225 221
460 0.000041 229.000000 230 225
470 0.000043 234.000000 235 230
480 0.000040 239.000000 240 236
490 0.000043 243.000000 245 238
500 0.000041 249.000000 250 245
510 0.000042 253.000000 255 250
520 0.000047 259.000000 260 257
530 0.000045 264.000000 265 258
540 0.000046 268.000000 270 264
550 0.000046 273.000000 275 269
560 0.000047 279.000000 280 272
570 0.000051 283.000000 285 278
580 0.000050 288.000000 290 283
590 0.000051 294.000000 295 290
600 0.000052 299.000000 300 295
610 0.000053 303.000000 305 297
620 0.000058 309.000000 310 302
630 0.000056 314.000000 315 310
640 0.000055 318.000000 320 316
650 0.000056 324.000000 325 320
660 0.000058 329.000000 330 326
670 0.000059 334.000000 335 328
680 0.000060 338.000000 340 334
690 0.000060 343.000000 345 341
700 0.000066 349.000000 350 346
710 0.000066 353.000000 355 346
720 0.000064 358.000000 360 348
730 0.000066 363.000000 365 358
740 0.000067 368.000000 370 362
750 0.000066 374.000000 375 372
760 0.000067 379.000000 380 374
770 0.000071 383.000000 385 378
780 0.000072 388.000000 390 384
790 0.000070 394.000000 395 390
800 0.000072 399.000000 400 396
810 0.000074 403.000000 405 399
820 0.000074 408.000000 410 405
830 0.000075 413.000000 415 408
840 0.000076 418.000000 420 417
850 0.000076 423.000000 425 420
860 0.000077 429.000000 430 427
870 0.000082 433.000000 435 423
880 0.000080 439.000000 440 434
890 0.000080 444.000000 445 435
900 0.000083 448.000000 450 445
910 0.000083 453.000000 455 451
920 0.000087 458.000000 460 452
930 0.000086 463.000000 465 460
940 0.000086 468.000000 470 463
950 0.000089 473.000000 475 467
960 0.000088 479.000000 480 474
970 0.000089 483.000000 485 480
980 0.000094 488.000000 490 484
990 0.000093 494.000000 495 492
1000 0.000093 499.000000 500 495
1010 0.000096 503.000000 505 497
1020 0.000095 508.000000 510 504
1030 0.000097 513.000000 515 510
1040 0.000097 519.000000 520 516
1050 0.000098 523.000000 525 516
1060 0.000099 529.000000 530 521
1070 0.000102 533.000000 535 527
1080 0.000105 538.000000 540 533
1090 0.000101 543.000000 545 537
1100 0.000106 548.000000 550 543
1110 0.000105 553.000000 555 550
1120 0.000108 558.000000 560 553
1130 0.000107 564.000000 565 561
1140 0.000111 569.000000 570 564
1150 0.000108 573.000000 575 569
1160 0.000108 579.000000 580 574
1170 0.000113 584.000000 585 581
1180 0.000112 588.000000 590 583
1190 0.000119 593.000000 595 588
1200 0.000114 599.000000 600 596
1210 0.000119 604.000000 605 601
1220 0.000116 609.000000 610 604
1230 0.000119 613.000000 615 608
1240 0.000118 619.000000 620 617
1250 0.000124 623.000000 625 619
1260 0.000120 629.000000 630 625
1270 0.000123 634.000000 635 630
1280 0.000121 639.000000 640 633
1290 0.000124 643.000000 645 637
1300 0.000123 648.000000 650 644
1310 0.000129 653.000000 655 650
1320 0.000127 658.000000 660 654
1330 0.000129 664.000000 665 660
1340 0.000128 669.000000 670 665
1350 0.000133 673.000000 675 669
1360 0.000132 679.000000 680 672
1370 0.000134 683.000000 685 679
1380 0.000136 689.000000 690 683
1390 0.000136 694.000000 695 691
1400 0.000136 699.000000 700 695
1410 0.000135 703.000000 705 688
1420 0.000140 708.000000 710 699
1430 0.000142 714.000000 715 710
1440 0.000138 718.000000 720 712
1450 0.000142 724.000000 725 717
1460 0.000141 728.000000 730 726
1470 0.000148 734.000000 735 732
1480 0.000144 739.000000 740 736
1490 0.000144 744.000000 745 739
1500 0.000146 748.000000 750 742
1510 0.000145 753.000000 755 751
1520 0.000156 759.000000 760 755
1530 0.000155 763.000000 765 761
1540 0.000149 769.000000 770 766
1550 0.000152 773.000000 775 770
1560 0.000151 779.000000 780 775
1570 0.000157 784.000000 785 780
1580 0.000158 788.000000 790 784
1590 0.000155 794.000000 795 791
1600 0.000157 799.000000 800 793
1610 0.000162 804.000000 805 800
1620 0.000164 809.000000 810 806
1630 0.000159 814.000000 815 812
1640 0.000162 818.000000 820 815
1650 0.000159 823.000000 825 818
1660 0.000168 829.000000 830 826
1670 0.000166 834.000000 835 829
1680 0.000166 838.000000 840 835
1690 0.000167 843.000000 845 839
1700 0.000175 849.000000 850 846
1710 0.000175 853.000000 855 850
1720 0.000168 859.000000 860 856
1730 0.000174 864.000000 865 859
1740 0.000178 868.000000 870 863
1750 0.000175 873.000000 875 869
1760 0.000173 879.000000 880 876
1770 0.000176 884.000000 885 878
1780 0.000181 888.000000 890 882
1790 0.000179 894.000000 895 890
1800 0.000175 898.000000 900 889
1810 0.000181 904.000000 905 900
1820 0.000185 909.000000 910 906
1830 0.000186 913.000000 915 908
1840 0.000183 918.000000 920 915
1850 0.000189 924.000000 925 920
1860 0.000197 928.000000 930 924
1870 0.000195 933.000000 935 927
1880 0.000190 938.000000 940 935
1890 0.000186 943.000000 945 939
1900 0.000194 948.000000 950 947
1910 0.000193 954.000000 955 948
1920 0.000198 959.000000 960 955
1930 0.000190 963.000000 965 957
1940 0.000190 969.000000 970 959
1950 0.000197 973.000000 975 969
1960 0.000197 979.000000 980 975
1970 0.000198 983.000000 985 980
1980 0.000200 989.000000 990 986
1990 0.000196 993.000000 995 986
2000 0.000202 999.000000 1000 996
2010 0.000203 1004.000000 1005 1001
2020 0.000202 1009.000000 1010 1007
2030 0.000201 1014.000000 1015 1011
2040 0.000203 1019.000000 1020 1013
2050 0.000205 1024.000000 1025 1018
2060 0.000207 1028.000000 1030 1026
2070 0.000209 1034.000000 1035 1029
2080 0.000212 1039.000000 1040 1035
2090 0.000213 1044.000000 1045 1042
2100 0.000211 1048.000000 1050 1046
2110 0.000213 1053.000000 1055 1050
2120 0.000218 1059.000000 1060 1055
2130 0.000214 1063.000000 1065 1058
2140 0.000213 1068.000000 1070 1063
2150 0.000223 1074.000000 1075 1070
2160 0.000217 1078.000000 1080 1074
2170 0.000218 1084.000000 1085 1080
2180 0.000223 1089.000000 1090 1087
2190 0.000226 1094.000000 1095 1088
2200 0.000223 1098.000000 1100 1093
2210 0.000226 1104.000000 1105 1100
2220 0.000230 1108.000000 1110 1105
2230 0.000227 1113.000000 1115 1109
2240 0.000229 1119.000000 1120 1114
2250 0.000231 1124.000000 1125 1119
2260 0.000229 1129.000000 1130 1126
2270 0.000230 1133.000000 1135 1130
2280 0.000236 1138.000000 1140 1134
2290 0.000232 1144.000000 1145 1138
2300 0.000237 1149.000000 1150 1146
2310 0.000246 1154.000000 1155 1148
2320 0.000236 1159.000000 1160 1149
2330 0.000251 1164.000000 1165 1159
2340 0.000242 1168.000000 1170 1166
2350 0.000238 1173.000000 1175 1171
2360 0.000249 1178.000000 1180 1174
2370 0.000244 1183.000000 1185 1178
2380 0.000242 1189.000000 1190 1185
2390 0.000254 1194.000000 1195 1192
2400 0.000254 1198.000000 1200 1196
2410 0.000248 1203.000000 1205 1200
2420 0.000256 1209.000000 1210 1206
2430 0.000267 1214.000000 1215 1210
2440 0.000262 1218.000000 1220 1215
2450 0.000253 1223.000000 1225 1220
2460 0.000254 1229.000000 1230 1224
2470 0.000256 1234.000000 1235 1230
2480 0.000270 1239.000000 1240 1234
2490 0.000256 1243.000000 1245 1239
2500 0.000258 1249.000000 1250 1246
2510 0.000266 1254.000000 1255 1251
2520 0.000256 1259.000000 1260 1254
2530 0.000258 1263.000000 1265 1257
2540 0.000275 1268.000000 1270 1266
2550 0.000262 1273.000000 1275 1265
2560 0.000268 1279.000000 1280 1276
2570 0.000276 1284.000000 1285 1282
2580 0.000269 1288.000000 1290 1284
2590 0.000268 1293.000000 1295 1289
2600 0.000270 1299.000000 1300 1296
2610 0.000270 1304.000000 1305 1301
2620 0.000275 1308.000000 1310 1302
2630 0.000273 1314.000000 1315 1310
2640 0.000273 1319.000000 1320 1314
2650 0.000275 1323.000000 1325 1321
2660 0.000276 1329.000000 1330 1323
2670 0.000281 1334.000000 1335 1329
2680 0.000277 1338.000000 1340 1333
2690 0.000280 1343.000000 1345 1335
2700 0.000286 1348.000000 1350 1339
2710 0.000284 1353.000000 1355 1347
2720 0.000284 1359.000000 1360 1355
2730 0.000301 1364.000000 1365 1362
2740 0.000284 1369.000000 1370 1365
2750 0.000289 1373.000000 1375 1366
2760 0.000291 1378.000000 1380 1375
2770 0.000303 1383.000000 1385 1374
2780 0.000291 1389.000000 1390 1382
2790 0.000289 1393.000000 1395 1388
2800 0.000299 1399.000000 1400 1392
2810 0.000294 1404.000000 1405 1402
2820 0.000300 1408.000000 1410 1403
2830 0.000300 1414.000000 1415 1410
2840 0.000295 1419.000000 1420 1416
2850 0.000300 1424.000000 1425 1419
2860 0.000299 1428.000000 1430 1424
2870 0.000306 1433.000000 1435 1431
2880 0.000305 1439.000000 1440 1437
2890 0.000304 1444.000000 1445 1439
2900 0.000305 1449.000000 1450 1445
2910 0.000306 1454.000000 1455 1451
2920 0.000309 1459.000000 1460 1456
2930 0.000307 1463.000000 1465 1455
2940 0.000317 1468.000000 1470 1465
2950 0.000342 1474.000000 1475 1470
2960 0.000314 1479.000000 1480 1476
2970 0.000311 1483.000000 1485 1478
2980 0.000312 1488.000000 1490 1483
2990 0.000358 1493.000000 1495 1489
3000 0.000319 1499.000000 1500 1491
3010 0.000325 1504.000000 1505 1500
3020 0.000321 1509.000000 1510 1505
3030 0.000326 1514.000000 1515 1509
3040 0.000320 1519.000000 1520 1517
3050 0.000324 1523.000000 1525 1514
3060 0.000324 1529.000000 1530 1526
3070 0.000323 1534.000000 1535 1531
3080 0.000325 1539.000000 1540 1532
3090 0.000326 1543.000000 1545 1539
3100 0.000328 1548.000000 1550 1545
3110 0.000326 1553.000000 1555 1550
3120 0.000342 1558.000000 1560 1551
3130 0.000331 1563.000000 1565 1558
3140 0.000335 1568.000000 1570 1563
3150 0.000348 1573.000000 1575 1569
3160 0.000338 1579.000000 1580 1575
3170 0.000349 1584.000000 1585 1581
3180 0.000339 1588.000000 1590 1585
3190 0.000340 1594.000000 1595 1590
3200 0.000337 1599.000000 1600 1595
3210 0.000347 1603.000000 1605 1599
3220 0.000346 1609.000000 1610 1603
3230 0.000348 1614.000000 1615 1609
3240 0.000348 1619.000000 1620 1615
3250 0.000349 1624.000000 1625 1621
3260 0.000345 1628.000000 1630 1626
3270 0.000351 1633.000000 1635 1630
3280 0.000350 1639.000000 1640 1635
3290 0.000357 1643.000000 1645 1641
3300 0.000351 1649.000000 1650 1643
3310 0.000363 1654.000000 1655 1651
3320 0.000350 1659.000000 1660 1655
3330 0.000357 1664.000000 1665 1660
3340 0.000358 1668.000000 1670 1664
3350 0.000368 1674.000000 1675 1671
3360 0.000357 1679.000000 1680 1674
3370 0.000369 1684.000000 1685 1680
3380 0.000359 1689.000000 1690 1685
3390 0.000371 1693.000000 1695 1689
3400 0.000364 1698.000000 1700 1691
3410 0.000373 1704.000000 1705 1700
3420 0.000367 1708.000000 1710 1705
3430 0.000389 1714.000000 1715 1710
3440 0.000366 1718.000000 1720 1714
3450 0.000389 1723.000000 1725 1720
3460 0.000375 1728.000000 1730 1724
3470 0.000382 1733.000000 1735 1728
3480 0.000377 1739.000000 1740 1735
3490 0.000378 1744.000000 1745 1737
3500 0.000374 1748.000000 1750 1744
3510 0.000377 1753.000000 1755 1747
3520 0.000378 1759.000000 1760 1757
3530 0.000375 1763.000000 1765 1753
3540 0.000379 1768.000000 1770 1762
3550 0.000377 1773.000000 1775 1768
3560 0.000377 1779.000000 1780 1773
3570 0.000386 1784.000000 1785 1780
3580 0.000381 1789.000000 1790 1785
3590 0.000392 1794.000000 1795 1790
3600 0.000385 1799.000000 1800 1794
3610 0.000387 1804.000000 1805 1799
3620 0.000388 1808.000000 1810 1805
3630 0.000387 1814.000000 1815 1811
3640 0.000393 1819.000000 1820 1813
3650 0.000388 1824.000000 1825 1822
3660 0.000400 1828.000000 1830 1823
3670 0.000390 1833.000000 1835 1829
3680 0.000392 1839.000000 1840 1834
3690 0.000397 1844.000000 1845 1840
3700 0.000397 1849.000000 1850 1844
3710 0.000400 1853.000000 1855 1849
3720 0.000404 1859.000000 1860 1856
3730 0.000403 1864.000000 1865 1860
3740 0.000401 1869.000000 1870 1867
3750 0.000412 1874.000000 1875 1869
3760 0.000406 1878.000000 1880 1876
3770 0.000408 1883.000000 1885 1877
3780 0.000414 1889.000000 1890 1884
3790 0.000412 1894.000000 1895 1891
3800 0.000407 1898.000000 1900 1886
3810 0.000410 1903.000000 1905 1898
3820 0.000415 1908.000000 1910 1906
3830 0.000410 1913.000000 1915 1907
3840 0.000415 1918.000000 1920 1914
3850 0.000414 1923.000000 1925 1917
3860 0.000417 1929.000000 1930 1923
3870 0.000418 1933.000000 1935 1927
3880 0.000421 1939.000000 1940 1937
3890 0.000425 1943.000000 1945 1939
3900 0.000421 1948.000000 1950 1946
3910 0.000426 1954.000000 1955 1949
3920 0.000423 1958.000000 1960 1954
3930 0.000429 1964.000000 1965 1961
3940 0.000438 1969.000000 1970 1967
3950 0.000432 1974.000000 1975 1971
3960 0.000434 1979.000000 1980 1974
3970 0.000446 1983.000000 1985 1979
3980 0.000433 1989.000000 1990 1984
3990 0.000431 1994.000000 1995 1989
4000 0.000431 1999.000000 2000 1996
4010 0.000438 2004.000000 2005 1998
4020 0.000430 2008.000000 2010 2001
4030 0.000435 2014.000000 2015 2010
4040 0.000434 2019.000000 2020 2015
4050 0.000434 2023.000000 2025 2019
4060 0.000450 2028.000000 2030 2021
4070 0.000438 2033.000000 2035 2029
4080 0.000440 2038.000000 2040 2033
4090 0.000439 2044.000000 2045 2041
4100 0.000447 2048.000000 2050 2044
4110 0.000475 2053.000000 2055 2046
4120 0.000447 2059.000000 2060 2055
4130 0.000453 2063.000000 2065 2057
4140 0.000455 2068.000000 2070 2062
4150 0.000448 2074.000000 2075 2069
4160 0.000461 2078.000000 2080 2073
4170 0.000452 2084.000000 2085 2080
4180 0.000455 2088.000000 2090 2085
4190 0.000467 2093.000000 2095 2090
4200 0.000462 2098.000000 2100 2091
4210 0.000457 2103.000000 2105 2100
4220 0.000465 2109.000000 2110 2106
4230 0.000459 2113.000000 2115 2108
4240 0.000466 2118.000000 2120 2113
4250 0.000467 2124.000000 2125 2123
4260 0.000465 2128.000000 2130 2124
4270 0.000471 2134.000000 2135 2130
4280 0.000467 2138.000000 2140 2134
4290 0.000468 2144.000000 2145 2140
4300 0.000475 2148.000000 2150 2146
4310 0.000472 2153.000000 2155 2150
4320 0.000472 2158.000000 2160 2153
4330 0.000480 2164.000000 2165 2158
4340 0.000477 2169.000000 2170 2166
4350 0.000479 2173.000000 2175 2169
4360 0.000482 2179.000000 2180 2175
4370 0.000477 2183.000000 2185 2177
4380 0.000477 2188.000000 2190 2184
4390 0.000494 2193.000000 2195 2191
4400 0.000479 2198.000000 2200 2190
4410 0.000487 2203.000000 2205 2200
4420 0.000491 2209.000000 2210 2206
4430 0.000488 2214.000000 2215 2208
4440 0.000501 2219.000000 2220 2216
4450 0.000531 2223.000000 2225 2216
4460 0.000498 2228.000000 2230 2221
4470 0.000507 2234.000000 2235 2230
4480 0.000499 2238.000000 2240 2233
4490 0.000508 2243.000000 2245 2238
4500 0.000507 2249.000000 2250 2243
4510 0.000503 2254.000000 2255 2251
4520 0.000495 2258.000000 2260 2255
4530 0.000502 2264.000000 2265 2262
4540 0.000507 2269.000000 2270 2265
4550 0.000497 2274.000000 2275 2270
4560 0.000498 2278.000000 2280 2274
4570 0.000503 2284.000000 2285 2281
4580 0.000509 2289.000000 2290 2282
4590 0.000506 2294.000000 2295 2290
4600 0.000505 2299.000000 2300 2295
4610 0.000507 2304.000000 2305 2300
4620 0.000510 2308.000000 2310 2304
4630 0.000509 2313.000000 2315 2308
4640 0.000509 2318.000000 2320 2315
4650 0.000514 2324.000000 2325 2321
4660 0.000516 2328.000000 2330 2319
4670 0.000515 2333.000000 2335 2330
4680 0.000526 2339.000000 2340 2334
4690 0.000520 2344.000000 2345 2339
4700 0.000531 2348.000000 2350 2343
4710 0.000523 2354.000000 2355 2350
4720 0.000521 2358.000000 2360 2354
4730 0.000529 2364.000000 2365 2361
4740 0.000520 2369.000000 2370 2366
4750 0.000527 2373.000000 2375 2368
4760 0.000529 2379.000000 2380 2375
4770 0.000527 2383.000000 2385 2379
4780 0.000525 2389.000000 2390 2384
4790 0.000532 2394.000000 2395 2390
4800 0.000535 2399.000000 2400 2395
4810 0.000537 2404.000000 2405 2397
4820 0.000533 2408.000000 2410 2406
4830 0.000537 2413.000000 2415 2408
4840 0.000544 2419.000000 2420 2416
4850 0.000539 2424.000000 2425 2419
4860 0.000537 2428.000000 2430 2418
4870 0.000555 2434.000000 2435 2431
4880 0.000546 2439.000000 2440 2436
4890 0.000553 2444.000000 2445 2440
4900 0.000544 2449.000000 2450 2443
4910 0.000548 2454.000000 2455 2452
4920 0.000557 2458.000000 2460 2455
4930 0.000548 2464.000000 2465 2462
4940 0.000545 2469.000000 2470 2465
4950 0.000551 2473.000000 2475 2467
4960 0.000553 2478.000000 2480 2474
4970 0.000555 2484.000000 2485 2480
4980 0.000552 2488.000000 2490 2484
4990 0.000592 2494.000000 2495 2491
5000 0.000556 2498.000000 2500 2495
5010 0.000558 2504.000000 2505 2498
5020 0.000555 2508.000000 2510 2504
5030 0.000563 2514.000000 2515 2510
5040 0.000557 2518.000000 2520 2511
5050 0.000558 2524.000000 2525 2521
5060 0.000555 2528.000000 2530 2522
5070 0.000563 2534.000000 2535 2531
5080 0.000572 2538.000000 2540 2534
5090 0.000566 2544.000000 2545 2541
5100 0.000570 2549.000000 2550 2546
5110 0.000568 2553.000000 2555 2550
5120 0.000574 2559.000000 2560 2551
5130 0.000565 2564.000000 2565 2560
5140 0.000573 2568.000000 2570 2561
5150 0.000571 2573.000000 2575 2570
5160 0.000573 2579.000000 2580 2576
5170 0.000575 2583.000000 2585 2579
5180 0.000576 2589.000000 2590 2587
5190 0.000597 2593.000000 2595 2590
5200 0.000647 2598.000000 2600 2590
5210 0.000604 2603.000000 2605 2600
5220 0.000668 2609.000000 2610 2606
5230 0.000660 2613.000000 2615 2608
5240 0.000642 2619.000000 2620 2615
5250 0.000645 2624.000000 2625 2622
5260 0.000760 2629.000000 2630 2624
5270 0.000771 2634.000000 2635 2628
5280 0.000780 2638.000000 2640 2634
5290 0.000778 2644.000000 2645 2639
5300 0.000745 2649.000000 2650 2646
5310 0.000657 2653.000000 2655 2649
5320 0.000624 2659.000000 2660 2654
5330 0.000597 2663.000000 2665 2659
5340 0.000602 2668.000000 2670 2663
5350 0.000606 2674.000000 2675 2668
5360 0.000606 2678.000000 2680 2673
5370 0.000606 2684.000000 2685 2681
5380 0.000608 2688.000000 2690 2684
5390 0.000609 2693.000000 2695 2688
5400 0.000615 2699.000000 2700 2695
5410 0.000609 2703.000000 2705 2698
5420 0.000607 2709.000000 2710 2705
5430 0.000605 2714.000000 2715 2710
5440 0.000614 2719.000000 2720 2717
5450 0.000616 2723.000000 2725 2715
5460 0.000633 2729.000000 2730 2725
5470 0.000620 2734.000000 2735 2731
5480 0.000618 2738.000000 2740 2735
5490 0.000618 2744.000000 2745 2742
5500 0.000624 2749.000000 2750 2742
5510 0.000618 2753.000000 2755 2750
5520 0.000619 2758.000000 2760 2752
5530 0.000639 2764.000000 2765 2761
5540 0.000628 2769.000000 2770 2764
5550 0.000626 2774.000000 2775 2771
5560 0.000653 2778.000000 2780 2771
5570 0.000634 2784.000000 2785 2778
5580 0.000645 2788.000000 2790 2783
5590 0.000632 2794.000000 2795 2781
5600 0.000636 2798.000000 2800 2791
5610 0.000635 2803.000000 2805 2797
5620 0.000635 2809.000000 2810 2805
5630 0.000640 2814.000000 2815 2811
5640 0.000644 2818.000000 2820 2815
5650 0.000637 2823.000000 2825 2813
5660 0.000643 2828.000000 2830 2821
5670 0.000643 2834.000000 2835 2828
5680 0.000635 2839.000000 2840 2834
5690 0.000647 2843.000000 2845 2839
5700 0.000675 2849.000000 2850 2845
5710 0.000655 2854.000000 2855 2850
5720 0.000644 2859.000000 2860 2852
5730 0.000648 2863.000000 2865 2859
5740 0.000650 2868.000000 2870 2865
5750 0.000656 2874.000000 2875 2868
5760 0.000647 2879.000000 2880 2874
5770 0.000652 2883.000000 2885 2878
5780 0.000653 2889.000000 2890 2886
5790 0.000654 2893.000000 2895 2891
5800 0.000654 2898.000000 2900 2893
5810 0.000671 2904.000000 2905 2902
5820 0.000656 2909.000000 2910 2904
5830 0.000661 2913.000000 2915 2910
5840 0.000671 2919.000000 2920 2914
5850 0.000666 2923.000000 2925 2920
5860 0.000667 2928.000000 2930 2925
5870 0.000662 2934.000000 2935 2931
5880 0.000671 2939.000000 2940 2933
5890 0.000681 2943.000000 2945 2940
5900 0.000671 2948.000000 2950 2941
5910 0.000696 2953.000000 2955 2948
5920 0.000673 2959.000000 2960 2952
5930 0.000678 2963.000000 2965 2960
5940 0.000686 2968.000000 2970 2966
5950 0.000681 2974.000000 2975 2971
5960 0.000689 2978.000000 2980 2972
5970 0.000677 2983.000000 2985 2976
5980 0.000691 2989.000000 2990 2987
5990 0.000685 2993.000000 2995 2989
6000 0.000684 2998.000000 3000 2995
6010 0.000687 3003.000000 3005 3001
6020 0.000682 3009.000000 3010 3005
6030 0.000686 3014.000000 3015 3011
6040 0.000736 3018.000000 3020 3012
6050 0.000739 3024.000000 3025 3021
6060 0.000863 3029.000000 3030 3025
6070 0.000781 3033.000000 3035 3029
6080 0.000723 3039.000000 3040 3035
6090 0.000700 3044.000000 3045 3039
6100 0.000707 3048.000000 3050 3043
6110 0.000713 3054.000000 3055 3050
6120 0.000723 3058.000000 3060 3052
6130 0.000710 3064.000000 3065 3059
6140 0.000738 3068.000000 3070 3066
6150 0.000700 3074.000000 3075 3072
6160 0.000703 3078.000000 3080 3074
6170 0.000752 3083.000000 3085 3080
6180 0.000702 3089.000000 3090 3081
6190 0.000746 3093.000000 3095 3090
6200 0.000731 3099.000000 3100 3096
6210 0.000730 3104.000000 3105 3102
6220 0.000725 3109.000000 3110 3104
6230 0.000720 3113.000000 3115 3108
6240 0.000731 3118.000000 3120 3115
6250 0.000714 3124.000000 3125 3121
6260 0.000747 3129.000000 3130 3123
6270 0.000738 3133.000000 3135 3126
6280 0.000741 3138.000000 3140 3130
6290 0.000745 3144.000000 3145 3140
6300 0.000722 3148.000000 3150 3143
6310 0.000752 3153.000000 3155 3150
6320 0.000732 3159.000000 3160 3157
6330 0.000771 3164.000000 3165 3160
6340 0.000774 3169.000000 3170 3165
6350 0.000739 3174.000000 3175 3170
6360 0.000734 3179.000000 3180 3176
6370 0.000761 3184.000000 3185 3178
6380 0.000741 3189.000000 3190 3185
6390 0.000751 3194.000000 3195 3191
6400 0.000744 3199.000000 3200 3193
6410 0.000740 3203.000000 3205 3195
6420 0.000759 3208.000000 3210 3204
6430 0.000775 3213.000000 3215 3208
6440 0.000767 3218.000000 3220 3215
6450 0.000755 3223.000000 3225 3221
6460 0.000745 3229.000000 3230 3226
6470 0.000769 3234.000000 3235 3232
6480 0.000769 3238.000000 3240 3235
6490 0.000805 3244.000000 3245 3239
6500 0.000779 3248.000000 3250 3242
6510 0.000770 3254.000000 3255 3251
6520 0.000763 3258.000000 3260 3254
6530 0.000774 3263.000000 3265 3259
6540 0.000758 3268.000000 3270 3264
6550 0.000776 3273.000000 3275 3270
6560 0.000802 3279.000000 3280 3275
6570 0.000780 3284.000000 3285 3279
6580 0.000769 3288.000000 3290 3286
6590 0.000756 3294.000000 3295 3292
6600 0.000762 3298.000000 3300 3291
6610 0.000782 3304.000000 3305 3299
6620 0.000769 3309.000000 3310 3306
6630 0.000776 3314.000000 3315 3310
6640 0.000797 3319.000000 3320 3315
6650 0.000762 3324.000000 3325 3318
6660 0.000769 3329.000000 3330 3326
6670 0.000783 3334.000000 3335 3329
6680 0.000789 3338.000000 3340 3332
6690 0.000785 3343.000000 3345 3339
6700 0.000774 3348.000000 3350 3345
6710 0.000782 3354.000000 3355 3351
6720 0.000799 3359.000000 3360 3355
6730 0.000776 3364.000000 3365 3361
6740 0.000778 3368.000000 3370 3366
6750 0.000779 3373.000000 3375 3366
6760 0.000776 3379.000000 3380 3374
6770 0.000782 3384.000000 3385 3379
6780 0.000933 3388.000000 3390 3384
6790 0.000813 3394.000000 3395 3388
6800 0.000805 3399.000000 3400 3395
6810 0.000811 3403.000000 3405 3399
6820 0.000795 3408.000000 3410 3403
6830 0.000809 3414.000000 3415 3409
6840 0.000794 3419.000000 3420 3415
6850 0.000792 3424.000000 3425 3417
6860 0.000818 3428.000000 3430 3424
6870 0.000790 3434.000000 3435 3430
6880 0.000792 3439.000000 3440 3436
6890 0.000796 3443.000000 3445 3437
6900 0.000809 3449.000000 3450 3446
6910 0.000832 3453.000000 3455 3447
6920 0.000804 3459.000000 3460 3457
6930 0.000807 3464.000000 3465 3460
6940 0.000809 3469.000000 3470 3465
6950 0.000817 3473.000000 3475 3464
6960 0.000813 3478.000000 3480 3474
6970 0.000808 3483.000000 3485 3480
6980 0.000812 3489.000000 3490 3484
6990 0.000817 3494.000000 3495 3490
7000 0.000817 3499.000000 3500 3495
7010 0.000813 3503.000000 3505 3500
7020 0.000814 3509.000000 3510 3505
7030 0.000807 3513.000000 3515 3509
7040 0.000832 3518.000000 3520 3515
7050 0.000834 3523.000000 3525 3514
7060 0.000808 3529.000000 3530 3523
7070 0.000826 3533.000000 3535 3527
7080 0.000821 3539.000000 3540 3535
7090 0.000821 3544.000000 3545 3540
7100 0.000835 3548.000000 3550 3542
7110 0.000820 3553.000000 3555 3550
7120 0.000813 3559.000000 3560 3555
7130 0.000830 3563.000000 3565 3558
7140 0.000812 3568.000000 3570 3559
7150 0.000825 3574.000000 3575 3571
7160 0.000827 3578.000000 3580 3574
7170 0.000830 3583.000000 3585 3579
7180 0.000827 3589.000000 3590 3587
7190 0.000835 3594.000000 3595 3590
7200 0.000851 3599.000000 3600 3595
7210 0.000837 3603.000000 3605 3600
7220 0.000837 3608.000000 3610 3606
7230 0.000838 3614.000000 3615 3611
7240 0.000833 3619.000000 3620 3616
7250 0.000835 3624.000000 3625 3619
7260 0.000850 3628.000000 3630 3624
7270 0.000835 3634.000000 3635 3629
7280 0.000836 3639.000000 3640 3635
7290 0.000855 3644.000000 3645 3641
7300 0.000853 3648.000000 3650 3644
7310 0.000876 3653.000000 3655 3650
7320 0.000874 3658.000000 3660 3652
7330 0.000867 3664.000000 3665 3661
7340 0.000868 3668.000000 3670 3665
7350 0.000870 3673.000000 3675 3670
7360 0.000879 3678.000000 3680 3674
7370 0.000870 3684.000000 3685 3676
7380 0.000869 3688.000000 3690 3684
7390 0.000870 3694.000000 3695 3691
7400 0.000875 3699.000000 3700 3693
7410 0.000866 3704.000000 3705 3700
7420 0.000867 3709.000000 3710 3706
7430 0.000904 3714.000000 3715 3710
7440 0.000918 3719.000000 3720 3714
7450 0.000873 3723.000000 3725 3710
7460 0.000874 3729.000000 3730 3723
7470 0.000875 3734.000000 3735 3731
7480 0.000866 3739.000000 3740 3734
7490 0.000874 3744.000000 3745 3738
7500 0.000871 3748.000000 3750 3742
7510 0.000883 3753.000000 3755 3742
7520 0.000888 3758.000000 3760 3754
7530 0.000898 3763.000000 3765 3757
7540 0.000879 3769.000000 3770 3766
7550 0.000884 3773.000000 3775 3766
7560 0.000887 3778.000000 3780 3774
7570 0.000898 3784.000000 3785 3782
7580 0.000880 3788.000000 3790 3783
7590 0.000888 3794.000000 3795 3789
7600 0.000881 3799.000000 3800 3797
7610 0.000886 3804.000000 3805 3799
7620 0.000896 3808.000000 3810 3803
7630 0.000888 3813.000000 3815 3810
7640 0.000898 3819.000000 3820 3816
7650 0.000880 3824.000000 3825 3819
7660 0.000892 3829.000000 3830 3826
7670 0.000885 3833.000000 3835 3831
7680 0.000894 3839.000000 3840 3835
7690 0.000897 3844.000000 3845 3838
7700 0.000892 3848.000000 3850 3844
7710 0.000893 3854.000000 3855 3852
7720 0.000903 3858.000000 3860 3854
7730 0.000891 3864.000000 3865 3861
7740 0.000908 3868.000000 3870 3865
7750 0.000901 3874.000000 3875 3871
7760 0.000903 3879.000000 3880 3875
7770 0.000907 3884.000000 3885 3881
7780 0.000906 3889.000000 3890 3886
7790 0.000915 3893.000000 3895 3889
7800 0.000934 3899.000000 3900 3896
7810 0.000932 3903.000000 3905 3900
7820 0.000910 3909.000000 3910 3903
7830 0.000916 3913.000000 3915 3906
7840 0.000913 3918.000000 3920 3914
7850 0.000909 3924.000000 3925 3919
7860 0.000921 3928.000000 3930 3925
7870 0.000931 3933.000000 3935 3928
7880 0.000921 3938.000000 3940 3936
7890 0.000919 3944.000000 3945 3941
7900 0.000918 3948.000000 3950 3946
7910 0.000937 3954.000000 3955 3950
7920 0.000924 3958.000000 3960 3954
7930 0.000950 3964.000000 3965 3961
7940 0.000928 3969.000000 3970 3966
7950 0.000926 3973.000000 3975 3970
7960 0.000914 3979.000000 3980 3975
7970 0.000914 3984.000000 3985 3980
7980 0.000921 3989.000000 3990 3987
7990 0.000924 3994.000000 3995 3990
8000 0.000916 3998.000000 4000 3992
8010 0.000964 4003.000000 4005 3996
8020 0.000939 4009.000000 4010 4006
8030 0.000947 4013.000000 4015 4002
8040 0.000977 4019.000000 4020 4015
8050 0.001000 4024.000000 4025 4018
8060 0.000977 4029.000000 4030 4024
8070 0.000948 4034.000000 4035 4030
8080 0.000938 4039.000000 4040 4035
8090 0.000961 4044.000000 4045 4040
8100 0.000957 4048.000000 4050 4041
8110 0.000961 4054.000000 4055 4051
8120 0.000951 4058.000000 4060 4052
8130 0.000955 4063.000000 4065 4059
8140 0.000958 4068.000000 4070 4062
8150 0.000968 4073.000000 4075 4069
8160 0.000957 4079.000000 4080 4073
8170 0.000973 4083.000000 4085 4079
8180 0.000967 4089.000000 4090 4085
8190 0.000964 4093.000000 4095 4089
8200 0.000948 4099.000000 4100 4097
8210 0.000960 4104.000000 4105 4101
8220 0.000964 4109.000000 4110 4105
8230 0.000959 4114.000000 4115 4109
8240 0.000964 4118.000000 4120 4112
8250 0.000963 4124.000000 4125 4119
8260 0.000974 4129.000000 4130 4122
8270 0.000992 4134.000000 4135 4128
8280 0.000997 4139.000000 4140 4136
8290 0.000996 4143.000000 4145 4141
8300 0.000991 4148.000000 4150 4145
8310 0.000991 4154.000000 4155 4148
8320 0.001002 4159.000000 4160 4155
8330 0.000995 4164.000000 4165 4160
8340 0.001029 4168.000000 4170 4165
8350 0.000994 4173.000000 4175 4170
8360 0.001008 4179.000000 4180 4175
8370 0.001019 4184.000000 4185 4180
8380 0.001000 4188.000000 4190 4182
8390 0.001064 4193.000000 4195 4186
8400 0.001010 4198.000000 4200 4190
8410 0.001014 4204.000000 4205 4200
8420 0.001009 4209.000000 4210 4204
8430 0.001016 4214.000000 4215 4211
8440 0.001016 4218.000000 4220 4212
8450 0.001008 4224.000000 4225 4218
8460 0.001035 4229.000000 4230 4223
8470 0.001015 4234.000000 4235 4227
8480 0.001028 4238.000000 4240 4233
8490 0.001082 4244.000000 4245 4242
8500 0.001020 4248.000000 4250 4244
8510 0.001024 4254.000000 4255 4246
8520 0.001051 4259.000000 4260 4256
8530 0.001025 4263.000000 4265 4260
8540 0.001034 4268.000000 4270 4263
8550 0.001050 4273.000000 4275 4269
8560 0.001018 4278.000000 4280 4275
8570 0.001028 4283.000000 4285 4280
8580 0.001061 4288.000000 4290 4284
8590 0.001050 4294.000000 4295 4290
8600 0.001048 4298.000000 4300 4296
8610 0.001047 4304.000000 4305 4299
8620 0.001063 4309.000000 4310 4305
8630 0.001052 4314.000000 4315 4310
8640 0.001069 4319.000000 4320 4315
8650 0.001042 4323.000000 4325 4318
8660 0.001045 4329.000000 4330 4325
8670 0.001054 4333.000000 4335 4329
8680 0.001028 4338.000000 4340 4332
8690 0.001039 4344.000000 4345 4334
8700 0.001047 4348.000000 4350 4342
8710 0.001042 4353.000000 4355 4348
8720 0.001034 4358.000000 4360 4354
8730 0.001039 4364.000000 4365 4362
8740 0.001047 4369.000000 4370 4361
8750 0.001044 4374.000000 4375 4371
8760 0.001038 4379.000000 4380 4377
8770 0.001042 4384.000000 4385 4380
8780 0.001051 4388.000000 4390 4383
8790 0.001044 4394.000000 4395 4391
8800 0.001058 4398.000000 4400 4392
8810 0.001050 4404.000000 4405 4402
8820 0.001092 4409.000000 4410 4403
8830 0.001091 4414.000000 4415 4412
8840 0.001064 4418.000000 4420 4414
8850 0.001074 4424.000000 4425 4422
8860 0.001057 4429.000000 4430 4425
8870 0.001060 4433.000000 4435 4431
8880 0.001064 4439.000000 4440 4435
8890 0.001064 4444.000000 4445 4440
8900 0.001065 4448.000000 4450 4445
8910 0.001095 4453.000000 4455 4448
8920 0.001071 4459.000000 4460 4456
8930 0.001070 4464.000000 4465 4462
8940 0.001075 4468.000000 4470 4459
8950 0.001077 4474.000000 4475 4469
8960 0.001070 4478.000000 4480 4474
8970 0.001084 4484.000000 4485 4481
8980 0.001074 4489.000000 4490 4485
8990 0.001088 4493.000000 4495 4487
9000 0.001080 4499.000000 4500 4497
9010 0.001068 4503.000000 4505 4500
9020 0.001074 4508.000000 4510 4501
9030 0.001080 4514.000000 4515 4512
9040 0.001137 4519.000000 4520 4512
9050 0.001107 4523.000000 4525 4519
9060 0.001085 4529.000000 4530 4525
9070 0.001088 4534.000000 4535 4532
9080 0.001083 4538.000000 4540 4533
9090 0.001084 4543.000000 4545 4541
9100 0.001091 4548.000000 4550 4543
9110 0.001113 4553.000000 4555 4551
9120 0.001099 4559.000000 4560 4555
9130 0.001088 4564.000000 4565 4562
9140 0.001094 4568.000000 4570 4562
9150 0.001090 4573.000000 4575 4571
9160 0.001093 4579.000000 4580 4577
9170 0.001102 4583.000000 4585 4575
9180 0.001092 4588.000000 4590 4581
9190 0.001099 4594.000000 4595 4590
9200 0.001109 4599.000000 4600 4595
9210 0.001101 4604.000000 4605 4600
9220 0.001097 4608.000000 4610 4603
9230 0.001147 4613.000000 4615 4610
9240 0.001125 4619.000000 4620 4616
9250 0.001107 4623.000000 4625 4614
9260 0.001113 4629.000000 4630 4626
9270 0.001124 4633.000000 4635 4630
9280 0.001121 4639.000000 4640 4634
9290 0.001119 4643.000000 4645 4641
9300 0.001125 4649.000000 4650 4646
9310 0.001130 4654.000000 4655 4651
9320 0.001124 4659.000000 4660 4656
9330 0.001120 4663.000000 4665 4660
9340 0.001112 4669.000000 4670 4664
9350 0.001115 4674.000000 4675 4672
9360 0.001121 4679.000000 4680 4672
9370 0.001118 4684.000000 4685 4681
9380 0.001124 4688.000000 4690 4684
9390 0.001123 4693.000000 4695 4689
9400 0.001122 4698.000000 4700 4694
9410 0.001128 4704.000000 4705 4699
9420 0.001130 4708.000000 4710 4700
9430 0.001126 4713.000000 4715 4710
9440 0.001126 4719.000000 4720 4716
9450 0.001146 4724.000000 4725 4718
9460 0.001139 4729.000000 4730 4726
9470 0.001147 4734.000000 4735 4730
9480 0.001132 4739.000000 4740 4736
9490 0.001136 4743.000000 4745 4738
9500 0.001138 4748.000000 4750 4743
9510 0.001149 4753.000000 4755 4746
9520 0.001142 4758.000000 4760 4755
9530 0.001145 4763.000000 4765 4760
9540 0.001171 4769.000000 4770 4767
9550 0.001159 4774.000000 4775 4770
9560 0.001156 4779.000000 4780 4776
9570 0.001165 4784.000000 4785 4779
9580 0.001162 4788.000000 4790 4786
9590 0.001173 4793.000000 4795 4788
9600 0.001153 4798.000000 4800 4789
9610 0.001160 4804.000000 4805 4799
9620 0.001195 4808.000000 4810 4805
9630 0.001162 4814.000000 4815 4810
9640 0.001174 4818.000000 4820 4816
9650 0.001163 4824.000000 4825 4822
9660 0.001164 4828.000000 4830 4825
9670 0.001169 4833.000000 4835 4830
9680 0.001172 4838.000000 4840 4830
9690 0.001174 4843.000000 4845 4839
9700 0.001180 4849.000000 4850 4845
9710 0.001179 4853.000000 4855 4847
9720 0.001181 4858.000000 4860 4852
9730 0.001179 4864.000000 4865 4861
9740 0.001181 4869.000000 4870 4864
9750 0.001178 4874.000000 4875 4871
9760 0.001181 4878.000000 4880 4873
9770 0.001173 4884.000000 4885 4881
9780 0.001185 4888.000000 4890 4883
9790 0.001178 4894.000000 4895 4892
9800 0.001186 4898.000000 4900 4894
9810 0.001223 4904.000000 4905 4901
9820 0.001195 4908.000000 4910 4900
9830 0.001191 4914.000000 4915 4912
9840 0.001194 4918.000000 4920 4911
9850 0.001196 4923.000000 4925 4918
9860 0.001197 4928.000000 4930 4925
9870 0.001195 4934.000000 4935 4930
9880 0.001201 4938.000000 4940 4932
9890 0.001192 4943.000000 4945 4941
9900 0.001212 4948.000000 4950 4943
9910 0.001198 4954.000000 4955 4952
9920 0.001206 4959.000000 4960 4954
9930 0.001207 4963.000000 4965 4958
9940 0.001214 4968.000000 4970 4963
9950 0.001210 4974.000000 4975 4971
9960 0.001207 4979.000000 4980 4974
9970 0.001212 4984.000000 4985 4977
9980 0.001197 4988.000000 4990 4982
9990 0.001204 4994.000000 4995 4991
10000 0.001229 4998.000000 5000 4995
