100 0.000009 1885.000000 1902 1864
150 0.000011 3087.000000 3109 3058
200 0.000015 4369.000000 4393 4341
250 0.000019 5666.000000 5694 5635
300 0.000024 7073.000000 7107 7034
350 0.000029 8501.000000 8537 8452
400 0.000033 9937.000000 9978 9898
450 0.000037 11381.000000 11424 11336
500 0.000042 12830.000000 12880 12785
550 0.000047 14371.000000 14414 14329
600 0.000052 15944.000000 15995 15900
650 0.000056 17520.000000 17577 17471
700 0.000063 19101.000000 19167 19041
750 0.000067 20684.000000 20735 20627
800 0.000072 22272.000000 22324 22215
850 0.000076 23866.000000 23926 23806
900 0.000081 25462.000000 25517 25405
950 0.000086 27060.000000 27118 26999
1000 0.000090 28659.000000 28719 28594
1050 0.000097 30321.000000 30379 30246
1100 0.000102 32042.000000 32104 31975
1150 0.000106 33764.000000 33828 33692
1200 0.000114 35487.000000 35557 35420
1250 0.000117 37212.000000 37275 37133
1300 0.000123 38939.000000 39020 38857
1350 0.000130 40669.000000 40742 40583
1400 0.000135 42399.000000 42476 42333
1450 0.000144 44132.000000 44212 44060
1500 0.000145 45866.000000 45950 45797
1550 0.000150 47601.000000 47678 47525
1600 0.000156 49343.000000 49426 49263
1650 0.000161 51087.000000 51178 50996
1700 0.000167 52830.000000 52910 52745
1750 0.000172 54575.000000 54648 54480
1800 0.000178 56321.000000 56401 56233
1850 0.000181 58069.000000 58152 57982
1900 0.000187 59818.000000 59899 59732
1950 0.000192 61567.000000 61662 61493
2000 0.000198 63315.000000 63384 63234
2050 0.000203 65071.000000 65148 64989
2100 0.000211 66942.000000 67045 66853
2150 0.000219 68811.000000 68948 68732
2200 0.000226 70682.000000 70765 70573
2250 0.000227 72555.000000 72654 72454
2300 0.000234 74425.000000 74518 74327
2350 0.000240 76299.000000 76405 76202
2400 0.000249 78173.000000 78257 78075
2450 0.000254 80047.000000 80141 79938
2500 0.000259 81922.000000 82018 81814
2550 0.000266 83797.000000 83910 83689
2600 0.000269 85674.000000 85775 85553
2650 0.000278 87555.000000 87661 87426
2700 0.000284 89436.000000 89534 89336
2750 0.000292 91317.000000 91405 91202
2800 0.000297 93199.000000 93292 93083
2850 0.000301 95080.000000 95190 94961
2900 0.000308 96963.000000 97067 96848
2950 0.000312 98845.000000 98952 98733
3000 0.000321 100729.000000 100837 100609
3050 0.000326 102612.000000 102712 102511
3100 0.000330 104501.000000 104612 104393
3150 0.000341 106393.000000 106502 106288
3200 0.000347 108288.000000 108406 108162
3250 0.000354 110178.000000 110334 110067
3300 0.000356 112071.000000 112206 111967
3350 0.000362 113966.000000 114102 113843
3400 0.000368 115860.000000 115969 115741
3450 0.000373 117754.000000 117864 117638
3500 0.000380 119649.000000 119759 119525
3550 0.000384 121544.000000 121670 121423
3600 0.000389 123441.000000 123555 123317
3650 0.000397 125338.000000 125436 125201
3700 0.000402 127237.000000 127350 127105
3750 0.000409 129134.000000 129259 129016
3800 0.000416 131032.000000 131148 130928
3850 0.000423 132931.000000 133050 132815
3900 0.000425 134832.000000 134949 134693
3950 0.000434 136732.000000 136865 136602
4000 0.000438 138631.000000 138743 138500
4050 0.000445 140530.000000 140676 140395
4100 0.000448 142440.000000 142560 142320
4150 0.000460 144459.000000 144608 144322
4200 0.000466 146481.000000 146598 146353
4250 0.000475 148502.000000 148609 148369
4300 0.000482 150520.000000 150641 150408
4350 0.000485 152541.000000 152672 152408
4400 0.000493 154564.000000 154681 154434
4450 0.000500 156584.000000 156706 156431
4500 0.000511 158606.000000 158736 158475
4550 0.000522 160628.000000 160800 160491
4600 0.000522 162650.000000 162788 162526
4650 0.000523 164673.000000 164809 164542
4700 0.000541 166698.000000 166835 166544
4750 0.000544 168720.000000 168858 168570
4800 0.000546 170743.000000 170871 170575
4850 0.000553 172769.000000 172912 172636
4900 0.000560 174793.000000 174921 174638
4950 0.000564 176817.000000 176955 176673
5000 0.000573 178844.000000 178999 178693
5050 0.000578 180867.000000 181014 180732
5100 0.000585 182894.000000 183042 182713
5150 0.000589 184920.000000 185055 184768
5200 0.000596 186950.000000 187141 186812
5250 0.000604 188980.000000 189126 188822
5300 0.000614 191010.000000 191142 190863
5350 0.000620 193043.000000 193182 192879
5400 0.000629 195070.000000 195211 194882
5450 0.000633 197101.000000 197250 196941
5500 0.000641 199134.000000 199279 199007
5550 0.000646 201163.000000 201326 201013
5600 0.000654 203193.000000 203346 203060
5650 0.000659 205226.000000 205373 205085
5700 0.000664 207258.000000 207432 207120
5750 0.000671 209291.000000 209450 209145
5800 0.000678 211324.000000 211482 211152
5850 0.000683 213355.000000 213506 213206
5900 0.000695 215389.000000 215539 215215
5950 0.000694 217422.000000 217586 217260
6000 0.000701 219457.000000 219602 219282
6050 0.000708 221489.000000 221640 221353
6100 0.000708 223523.000000 223681 223343
6150 0.000718 225555.000000 225734 225366
6200 0.000717 227599.000000 227768 227431
6250 0.000725 229642.000000 229788 229500
6300 0.000731 231683.000000 231842 231523
6350 0.000735 233726.000000 233898 233586
6400 0.000742 235770.000000 235925 235646
6450 0.000752 237813.000000 237969 237645
6500 0.000754 239853.000000 240023 239695
6550 0.000763 241897.000000 242072 241760
6600 0.000773 243943.000000 244099 243776
6650 0.000780 245984.000000 246157 245802
6700 0.000784 248029.000000 248190 247852
6750 0.000790 250074.000000 250249 249911
6800 0.000793 252116.000000 252263 251916
6850 0.000805 254161.000000 254357 253996
6900 0.000815 256206.000000 256354 256040
6950 0.000819 258251.000000 258425 258074
7000 0.000831 260296.000000 260449 260143
7050 0.000833 262342.000000 262502 262177
7100 0.000837 264387.000000 264559 264230
7150 0.000840 266432.000000 266611 266258
7200 0.000850 268480.000000 268641 268311
7250 0.000857 270527.000000 270679 270359
7300 0.000862 272574.000000 272764 272398
7350 0.000857 274623.000000 274764 274449
7400 0.000863 276670.000000 276856 276506
7450 0.000871 278720.000000 278892 278568
7500 0.000874 280767.000000 280943 280596
7550 0.000889 282817.000000 283027 282650
7600 0.000902 284864.000000 285023 284706
7650 0.000909 286913.000000 287082 286698
7700 0.000906 288962.000000 289160 288798
7750 0.000915 291013.000000 291179 290812
7800 0.000923 293059.000000 293242 292897
7850 0.000928 295110.000000 295294 294914
7900 0.000933 297159.000000 297337 296988
7950 0.000940 299209.000000 299375 299040
8000 0.000947 301259.000000 301413 301094
8050 0.000952 303313.000000 303469 303088
8100 0.000959 305361.000000 305538 305185
8150 0.000964 307409.000000 307553 307229
8200 0.000969 309477.000000 309623 309298
8250 0.000981 311647.000000 311810 311432
8300 0.000987 313819.000000 313989 313662
8350 0.000996 315990.000000 316177 315821
8400 0.001004 318160.000000 318335 317980
8450 0.001011 320329.000000 320489 320118
8500 0.001017 322498.000000 322692 322314
8550 0.001023 324669.000000 324839 324519
8600 0.001031 326840.000000 327026 326685
8650 0.001038 329012.000000 329175 328831
8700 0.001052 331184.000000 331368 331006
8750 0.001053 333356.000000 333526 333180
8800 0.001056 335526.000000 335705 335339
8850 0.001067 337697.000000 337872 337511
8900 0.001071 339868.000000 340051 339695
8950 0.001077 342037.000000 342195 341847
9000 0.001081 344212.000000 344415 344002
9050 0.001095 346383.000000 346554 346204
9100 0.001093 348554.000000 348727 348372
9150 0.001099 350729.000000 350907 350542
9200 0.001106 352896.000000 353079 352656
9250 0.001118 355072.000000 355301 354878
9300 0.001132 357242.000000 357452 357038
9350 0.001140 359418.000000 359610 359242
9400 0.001141 361590.000000 361782 361408
9450 0.001145 363767.000000 363960 363579
9500 0.001154 365941.000000 366119 365764
9550 0.001142 368113.000000 368303 367898
9600 0.001152 370287.000000 370468 370096
9650 0.001167 372462.000000 372683 372272
9700 0.001176 374632.000000 374830 374428
9750 0.001184 376811.000000 376990 376634
9800 0.001181 378984.000000 379195 378762
9850 0.001196 381160.000000 381356 380955
9900 0.001196 383334.000000 383505 383126
9950 0.001201 385507.000000 385696 385310
10000 0.001213 387684.000000 387899 387502
