100 0.000001 6.125800 7 2
110 0.000001 6.149091 7 1
120 0.000000 6.223833 7 1
130 0.000000 6.432231 8 1
140 0.000000 6.472071 8 1
150 0.000000 6.486933 8 1
160 0.000000 6.636000 8 1
170 0.000000 6.640118 8 1
180 0.000000 6.675611 8 1
190 0.000000 6.691947 8 1
200 0.000000 7.115400 8 1
210 0.000000 7.125381 8 1
220 0.000000 7.132727 8 1
230 0.000000 7.194391 8 1
240 0.000000 7.221292 8 1
250 0.000000 7.226200 8 1
260 0.000000 7.441538 9 1
270 0.000000 7.430556 9 2
280 0.000000 7.459607 9 1
290 0.000000 7.495862 9 1
300 0.000000 7.492633 9 2
310 0.000000 7.499419 9 1
320 0.000000 7.636781 9 1
330 0.000000 7.630333 9 2
340 0.000000 7.639206 9 1
350 0.000000 7.651171 9 1
360 0.000000 7.674278 9 1
370 0.000000 7.688459 9 2
380 0.000000 7.691316 9 2
390 0.000000 8.110436 9 2
400 0.000000 8.112975 9 2
410 0.000000 8.114561 9 2
420 0.000000 8.120333 9 1
430 0.000000 8.130651 9 2
440 0.000000 8.140432 9 2
450 0.000000 8.205578 9 2
460 0.000000 8.200978 9 1
470 0.000000 8.210957 9 1
480 0.000000 8.218146 9 1
490 0.000000 8.223694 9 1
500 0.000000 8.230100 9 1
510 0.000000 8.227176 9 2
520 0.000000 8.438788 10 2
530 0.000000 8.436491 10 2
540 0.000000 8.444815 10 2
550 0.000000 8.444618 10 2
560 0.000000 8.453464 10 2
570 0.000000 8.451070 10 2
580 0.000000 8.489259 10 1
590 0.000000 8.487898 10 2
600 0.000000 8.487867 10 2
610 0.000000 8.500098 10 1
620 0.000000 8.502032 10 1
630 0.000000 8.504857 10 2
640 0.000000 8.636531 10 2
650 0.000000 8.629477 10 2
660 0.000000 8.627818 10 2
670 0.000000 8.633537 10 2
680 0.000000 8.640853 10 2
690 0.000000 8.647058 10 1
700 0.000000 8.640800 10 2
710 0.000000 8.674085 10 1
720 0.000000 8.681028 10 2
730 0.000000 8.674712 10 3
740 0.000000 8.693041 10 1
750 0.000000 8.685053 10 1
760 0.000000 8.683316 10 2
770 0.000000 9.112649 10 1
780 0.000000 9.108641 10 3
790 0.000000 9.111443 10 1
800 0.000000 9.114925 10 2
810 0.000000 9.112605 10 2
820 0.000000 9.116354 10 1
830 0.000000 9.119193 10 1
840 0.000000 9.130952 10 1
850 0.000000 9.131424 10 2
860 0.000000 9.126767 10 2
870 0.000000 9.133437 10 1
880 0.000000 9.132216 10 1
890 0.000000 9.135775 10 1
900 0.000000 9.203378 10 1
910 0.000000 9.204703 10 2
920 0.000000 9.204043 10 2
930 0.000000 9.203903 10 2
940 0.000000 9.209670 10 2
950 0.000000 9.204716 10 2
960 0.000000 9.217750 10 3
970 0.000000 9.220021 10 1
980 0.000000 9.220745 10 1
990 0.000000 9.220808 10 2
1000 0.000000 9.222320 10 1
