100 0.000000 6.119123 7 1
110 0.000000 6.138985 7 1
120 0.000000 6.221906 7 1
130 0.000000 6.440827 8 1
140 0.000000 6.457743 8 1
150 0.000000 6.494189 8 1
160 0.000000 6.632941 8 1
170 0.000000 6.641379 8 1
180 0.000000 6.677709 8 1
190 0.000000 6.689785 8 1
200 0.000000 7.116217 8 1
210 0.000000 7.130166 8 1
220 0.000000 7.136778 8 1
230 0.000000 7.203103 8 1
240 0.000000 7.220209 8 1
250 0.000000 7.225052 8 1
260 0.000000 7.437195 9 1
270 0.000000 7.440776 9 1
280 0.000000 7.453042 9 1
290 0.000000 7.488099 9 1
300 0.000000 7.491270 9 1
310 0.000000 7.503767 9 1
320 0.000000 7.633205 9 1
330 0.000000 7.634009 9 1
340 0.000000 7.641369 9 1
350 0.000000 7.643937 9 1
360 0.000000 7.676348 9 1
370 0.000000 7.685208 9 1
380 0.000000 7.688939 9 1
390 0.000000 8.112081 9 1
400 0.000000 8.115477 9 1
410 0.000000 8.116224 9 1
420 0.000000 8.129311 9 1
430 0.000000 8.130643 9 1
440 0.000000 8.136004 9 1
450 0.000000 8.200883 9 1
460 0.000000 8.201811 9 1
470 0.000000 8.204272 9 1
480 0.000000 8.220101 9 1
490 0.000000 8.220704 9 1
500 0.000000 8.224472 9 1
510 0.000000 8.226255 9 1
520 0.000000 8.434919 10 1
530 0.000000 8.437695 10 1
540 0.000000 8.439081 10 1
550 0.000000 8.447617 10 1
560 0.000000 8.452080 10 1
570 0.000000 8.452604 10 1
580 0.000000 8.487071 10 1
590 0.000000 8.488191 10 1
600 0.000000 8.490167 10 1
610 0.000000 8.501018 10 1
620 0.000000 8.502349 10 1
630 0.000000 8.505989 10 1
640 0.000000 8.631606 10 1
650 0.000000 8.631926 10 1
660 0.000000 8.633746 10 1
670 0.000000 8.634401 10 1
680 0.000000 8.640387 10 1
690 0.000000 8.642323 10 1
700 0.000000 8.643425 10 1
710 0.000000 8.674290 10 1
720 0.000000 8.675874 10 1
730 0.000000 8.676515 10 1
740 0.000000 8.684618 10 1
750 0.000000 8.685060 10 1
760 0.000000 8.688223 10 1
770 0.000000 9.110431 10 1
780 0.000000 9.110563 10 1
790 0.000000 9.111986 10 1
800 0.000000 9.115185 10 1
810 0.000000 9.114851 10 1
820 0.000000 9.116798 10 1
830 0.000000 9.116750 10 1
840 0.000000 9.128739 10 1
850 0.000000 9.130311 10 1
860 0.000000 9.130371 10 1
870 0.000000 9.134786 10 1
880 0.000000 9.136172 10 1
890 0.000000 9.136482 10 1
900 0.000000 9.201589 10 1
910 0.000000 9.201065 10 1
920 0.000000 9.202071 10 1
930 0.000000 9.204625 10 1
940 0.000000 9.204169 10 1
950 0.000000 9.205423 10 1
960 0.000000 9.220210 10 1
970 0.000000 9.219806 10 1
980 0.000000 9.221176 10 1
990 0.000000 9.220839 10 1
1000 0.000000 9.224517 10 1
