100 0.000001 5.990000 7 2
110 0.000001 6.063636 7 2
120 0.000001 6.208333 7 1
130 0.000001 6.361538 7 1
140 0.000001 6.471429 8 4
150 0.000001 6.473333 8 4
160 0.000001 6.612500 8 3
170 0.000001 6.629412 8 3
180 0.000001 6.755556 8 4
190 0.000001 6.710526 8 4
200 0.000001 7.060000 8 4
210 0.000001 7.095238 8 4
220 0.000001 7.218182 8 4
230 0.000000 7.278261 8 5
240 0.000000 7.225000 8 2
250 0.000000 7.100000 8 2
260 0.000000 7.492308 8 4
270 0.000000 7.485185 8 4
280 0.000000 7.489286 9 3
290 0.000000 7.465517 9 3
300 0.000000 7.476667 9 4
310 0.000000 7.480645 9 4
320 0.000000 7.631250 9 4
330 0.000000 7.657576 9 3
340 0.000000 7.602941 9 5
350 0.000000 7.708571 9 3
360 0.000000 7.630556 9 4
370 0.000000 7.697297 9 4
380 0.000000 7.713158 9 2
390 0.000000 8.061538 9 3
400 0.000000 8.080000 9 4
410 0.000000 8.109756 9 5
420 0.000000 8.111905 9 4
430 0.000000 8.165116 9 4
440 0.000000 8.175000 9 5
450 0.000000 8.206667 9 1
460 0.000000 8.228261 9 5
470 0.000000 8.163830 9 4
480 0.000000 8.214583 9 4
490 0.000000 8.163265 9 5
500 0.000000 8.200000 9 4
510 0.000000 8.213725 9 4
520 0.000000 8.428846 9 4
530 0.000000 8.475472 9 5
540 0.000000 8.494444 10 5
550 0.000000 8.383636 10 5
560 0.000000 8.432143 10 5
570 0.000000 8.450877 10 4
580 0.000000 8.451724 10 4
590 0.000000 8.494915 10 4
600 0.000000 8.481667 10 5
610 0.000000 8.477049 10 4
620 0.000000 8.508065 10 4
630 0.000000 8.539683 10 4
640 0.000000 8.598437 10 3
650 0.000000 8.586154 10 3
660 0.000000 8.625758 10 5
670 0.000000 8.623881 10 4
680 0.000000 8.682353 10 5
690 0.000000 8.598551 10 3
700 0.000000 8.628571 10 3
710 0.000000 8.609859 10 5
720 0.000000 8.650000 10 5
730 0.000000 8.682192 10 6
740 0.000000 8.637838 10 3
750 0.000000 8.721333 10 6
760 0.000000 8.697368 10 4
770 0.000000 9.088312 10 4
780 0.000000 9.125641 10 4
790 0.000000 9.116456 10 4
800 0.000000 9.090000 10 4
810 0.000000 9.144444 10 6
820 0.000000 9.104878 10 4
830 0.000000 9.118072 10 4
840 0.000000 9.113095 10 5
850 0.000000 9.160000 10 4
860 0.000000 9.145349 10 4
870 0.000000 9.170115 10 5
880 0.000000 9.128409 10 5
890 0.000000 9.121348 10 5
900 0.000000 9.212222 10 5
910 0.000000 9.140659 10 4
920 0.000000 9.159783 10 4
930 0.000000 9.192473 10 4
940 0.000000 9.167021 10 5
950 0.000000 9.232632 10 5
960 0.000000 9.195833 10 5
970 0.000000 9.249485 10 5
980 0.000000 9.203061 10 5
990 0.000000 9.237374 10 6
1000 0.000000 9.237000 10 6
