100 0.000001 52.680000 98 3
110 0.000001 50.581818 102 4
120 0.000001 48.733333 115 1
130 0.000001 44.976923 126 1
140 0.000001 39.978571 139 1
150 0.000001 89.046667 147 1
160 0.000001 61.268750 147 1
170 0.000001 44.088235 166 1
180 0.000001 106.111111 179 1
190 0.000001 74.821053 185 1
200 0.000001 82.360000 198 1
210 0.000001 61.509524 209 1
220 0.000001 91.350000 209 1
230 0.000001 77.773913 221 1
240 0.000001 105.762500 239 1
250 0.000001 70.708000 250 1
260 0.000001 112.130769 252 1
270 0.000001 123.062963 269 1
280 0.000000 65.725000 275 1
290 0.000000 72.451724 269 1
300 0.000000 77.806667 282 1
310 0.000000 117.370968 304 1
320 0.000000 130.037500 304 1
330 0.000000 128.072727 325 1
340 0.000001 200.405882 336 15
350 0.000000 136.365714 349 1
360 0.000001 167.419444 341 1
370 0.000000 110.127027 367 15
380 0.000001 212.168421 371 1
390 0.000001 206.517949 387 2
400 0.000000 148.730000 391 1
410 0.000001 185.326829 388 30
420 0.000000 165.026190 415 1
430 0.000001 147.604651 422 1
440 0.000001 198.738636 437 1
450 0.000001 160.891111 445 1
460 0.000001 127.889130 447 1
470 0.000001 270.351064 470 8
480 0.000001 205.606250 468 1
490 0.000001 244.330612 482 6
500 0.000000 93.058000 489 1
510 0.000001 167.556863 488 1
520 0.000001 214.830769 509 15
530 0.000000 81.969811 525 1
540 0.000001 289.775926 539 9
550 0.000001 202.141818 547 1
560 0.000001 220.866071 560 3
570 0.000000 130.415789 567 1
580 0.000001 293.496552 554 1
590 0.000001 150.632203 586 1
600 0.000001 191.730000 557 1
610 0.000000 169.842623 603 1
620 0.000000 119.361290 603 1
630 0.000001 248.911111 603 18
640 0.000001 287.807813 637 30
650 0.000001 381.236923 633 35
660 0.000001 290.363636 651 14
670 0.000001 298.073134 666 1
680 0.000001 264.901471 630 9
690 0.000001 358.949275 687 20
700 0.000001 331.807143 692 1
710 0.000001 322.314085 710 6
720 0.000001 291.586111 693 1
730 0.000001 341.402740 727 1
740 0.000001 290.477027 732 10
750 0.000001 316.566667 703 1
760 0.000001 180.156579 752 1
770 0.000001 428.450649 769 77
780 0.000001 386.894872 772 5
790 0.000001 426.506329 790 24
800 0.000001 243.042500 799 1
810 0.000001 369.014815 798 1
820 0.000001 163.863415 796 1
830 0.000001 511.839759 806 1
840 0.000001 406.246429 838 1
850 0.000001 332.625882 830 1
860 0.000001 346.540698 847 5
870 0.000001 455.983908 859 36
880 0.000002 547.361364 878 21
890 0.000001 243.877528 857 1
900 0.000001 427.566667 899 1
910 0.000001 203.804396 891 1
920 0.000001 431.955435 917 17
930 0.000001 459.600000 898 36
940 0.000001 223.861702 924 1
950 0.000001 640.807368 946 1
960 0.000001 373.103125 956 1
970 0.000001 305.200000 953 1
980 0.000001 263.818367 979 1
990 0.000001 258.602020 983 1
1000 0.000001 491.370000 962 1
