100 0.000000 4.893897 100 1
110 0.000000 5.002826 110 1
120 0.000000 5.085976 120 1
130 0.000000 5.181543 130 1
140 0.000000 5.259519 140 1
150 0.000000 5.355903 150 1
160 0.000000 5.420692 160 1
170 0.000000 5.541520 170 1
180 0.000000 5.602097 180 1
190 0.000000 5.675046 190 1
200 0.000000 5.724936 200 1
210 0.000000 5.792598 210 1
220 0.000000 5.875421 220 1
230 0.000000 5.937067 230 1
240 0.000000 6.023710 240 1
250 0.000000 6.103547 250 1
260 0.000000 6.147079 260 1
270 0.000000 6.227339 270 1
280 0.000000 6.253665 280 1
290 0.000000 6.344793 290 1
300 0.000000 6.445989 300 1
310 0.000000 6.521577 310 1
320 0.000000 6.512981 320 1
330 0.000000 6.564813 330 1
340 0.000000 6.647361 340 1
350 0.000000 6.650152 350 1
360 0.000000 6.823514 360 1
370 0.000000 6.839552 370 1
380 0.000000 6.816928 380 1
390 0.000000 6.940953 390 1
400 0.000000 7.106647 400 1
410 0.000000 6.993481 410 1
420 0.000000 7.146939 420 1
430 0.000000 7.231838 430 1
440 0.000000 7.353124 440 1
450 0.000000 7.324035 450 1
460 0.000000 7.358512 460 1
470 0.000000 7.393057 470 1
480 0.000000 7.405724 480 1
490 0.000000 7.529909 490 1
500 0.000000 7.722100 500 1
510 0.000000 7.642392 510 1
520 0.000000 7.789498 520 1
530 0.000000 7.721833 530 1
540 0.000000 7.834945 540 1
550 0.000000 7.869403 550 1
560 0.000000 7.988739 560 1
570 0.000000 8.002639 570 1
580 0.000000 7.987479 580 1
590 0.000000 8.104701 590 1
600 0.000000 8.169068 600 1
610 0.000000 8.099358 610 1
620 0.000000 8.290524 620 1
630 0.000000 8.241820 630 1
640 0.000000 8.356079 640 1
650 0.000000 8.443011 650 1
660 0.000000 8.500478 660 1
670 0.000000 8.608897 670 1
680 0.000000 8.738398 680 1
690 0.000000 8.639595 690 1
700 0.000000 8.561905 700 1
710 0.000000 8.802022 710 1
720 0.000000 8.729357 720 1
730 0.000000 8.928064 730 1
740 0.000000 8.957542 740 1
750 0.000000 9.079812 750 1
760 0.000000 8.970007 760 1
770 0.000000 8.987126 770 1
780 0.000000 9.222666 780 1
790 0.000000 9.282120 790 1
800 0.000000 9.053827 800 1
810 0.000000 9.325538 810 1
820 0.000000 9.586724 820 1
830 0.000000 9.140931 830 1
840 0.000000 9.454358 840 1
850 0.000000 9.426959 850 1
860 0.000000 9.572714 860 1
870 0.000000 9.382488 870 1
880 0.000000 9.643864 880 1
890 0.000000 9.618928 890 1
900 0.000000 9.723892 900 1
910 0.000000 9.813567 910 1
920 0.000000 9.786625 920 1
930 0.000000 10.127217 930 1
940 0.000000 10.208799 940 1
950 0.000000 10.118994 950 1
960 0.000000 9.878471 960 1
970 0.000000 10.073889 970 1
980 0.000000 10.161187 980 1
990 0.000000 10.179087 990 1
1000 0.000000 10.571076 1000 1
