100 0.000001 8.012300 100 1
110 0.000000 8.548000 110 1
120 0.000000 8.463750 120 1
130 0.000000 9.294462 130 1
140 0.000000 9.535643 140 1
150 0.000000 10.555667 150 1
160 0.000000 11.938375 160 1
170 0.000000 10.310176 170 1
180 0.000000 12.696556 180 1
190 0.000000 11.586000 190 1
200 0.000000 14.355850 200 1
210 0.000000 13.744905 210 1
220 0.000000 13.890000 220 1
230 0.000000 14.049957 230 1
240 0.000000 12.361875 239 1
250 0.000000 13.776880 250 1
260 0.000000 18.217038 259 1
270 0.000000 16.067815 270 1
280 0.000000 17.339893 280 1
290 0.000000 19.098586 289 1
300 0.000000 16.418033 300 1
310 0.000000 19.476258 309 1
320 0.000000 21.500375 316 1
330 0.000000 23.471303 329 1
340 0.000000 22.736853 340 1
350 0.000000 19.225057 350 1
360 0.000000 27.319056 360 1
370 0.000000 20.491649 370 1
380 0.000000 25.562868 380 1
390 0.000000 24.695692 390 1
400 0.000000 22.017050 400 1
410 0.000000 29.371732 409 1
420 0.000000 28.298667 420 1
430 0.000000 23.184674 428 1
440 0.000000 26.933091 439 1
450 0.000000 26.568622 450 1
460 0.000000 23.730761 460 1
470 0.000000 23.107532 469 1
480 0.000000 27.123979 480 1
490 0.000000 25.631429 490 1
500 0.000000 27.129360 500 1
510 0.000000 33.152569 509 1
520 0.000000 28.559808 520 1
530 0.000000 31.779208 530 1
540 0.000000 31.139611 540 1
550 0.000000 31.519473 550 1
560 0.000000 34.193286 560 1
570 0.000000 38.347263 569 1
580 0.000000 36.195224 580 1
590 0.000000 37.245983 587 1
600 0.000000 40.968883 599 1
610 0.000000 36.165492 610 1
620 0.000000 39.564145 619 1
630 0.000000 32.630730 628 1
640 0.000000 33.933109 640 1
650 0.000000 31.692738 650 1
660 0.000000 39.808409 660 1
670 0.000000 47.340224 670 1
680 0.000000 42.048779 680 1
690 0.000000 44.631855 687 1
700 0.000000 36.631014 700 1
710 0.000000 42.015817 709 1
720 0.000000 42.470625 720 1
730 0.000000 44.663973 730 1
740 0.000000 39.825419 740 1
750 0.000000 49.412787 747 1
760 0.000000 47.680303 759 1
770 0.000000 46.311805 767 1
780 0.000000 37.732205 780 1
790 0.000000 35.528911 790 1
800 0.000000 46.916675 799 1
810 0.000000 52.780840 810 1
820 0.000000 46.323037 817 1
830 0.000000 49.311554 830 1
840 0.000000 47.427131 835 1
850 0.000000 47.333729 848 1
860 0.000000 47.327965 858 1
870 0.000000 49.527414 868 1
880 0.000000 49.590841 879 1
890 0.000000 59.954225 889 1
900 0.000000 51.179456 900 1
910 0.000000 63.512703 910 1
920 0.000000 47.478413 920 1
930 0.000000 52.135731 930 1
940 0.000000 51.852894 940 1
950 0.000000 49.813632 949 1
960 0.000000 58.406427 960 1
970 0.000000 48.757794 970 1
980 0.000000 58.367235 979 1
990 0.000000 51.600980 990 1
1000 0.000000 64.094540 1000 1
