100 0.000000 5.800000 7 1
110 0.000000 5.909091 7 1
120 0.000000 6.000000 7 1
130 0.000000 6.100000 8 1
140 0.000000 6.235714 8 1
150 0.000000 6.353333 8 1
160 0.000000 6.456250 8 1
170 0.000000 6.547059 8 1
180 0.000000 6.627778 8 1
190 0.000000 6.700000 8 1
200 0.000000 6.765000 8 1
210 0.000000 6.823810 8 1
220 0.000000 6.877273 8 1
230 0.000000 6.926087 8 1
240 0.000000 6.970833 8 1
250 0.000000 7.012000 8 1
260 0.000000 7.069231 9 1
270 0.000000 7.140741 9 1
280 0.000000 7.207143 9 1
290 0.000000 7.268966 9 1
300 0.000000 7.326667 9 1
310 0.000000 7.380645 9 1
320 0.000000 7.431250 9 1
330 0.000000 7.478788 9 1
340 0.000000 7.523529 9 1
350 0.000000 7.565714 9 1
360 0.000000 7.605556 9 1
370 0.000000 7.643243 9 1
380 0.000000 7.678947 9 1
390 0.000000 7.712821 9 1
400 0.000000 7.745000 9 1
410 0.000000 7.775610 9 1
420 0.000000 7.804762 9 1
430 0.000000 7.832558 9 1
440 0.000000 7.859091 9 1
450 0.000000 7.884444 9 1
460 0.000000 7.908696 9 1
470 0.000000 7.931915 9 1
480 0.000000 7.954167 9 1
490 0.000000 7.975510 9 1
500 0.000000 7.996000 9 1
510 0.000000 8.015686 9 1
520 0.000000 8.051923 10 1
530 0.000000 8.088679 10 1
540 0.000000 8.124074 10 1
550 0.000000 8.158182 10 1
560 0.000000 8.191071 10 1
570 0.000000 8.222807 10 1
580 0.000000 8.253448 10 1
590 0.000000 8.283051 10 1
600 0.000000 8.311667 10 1
610 0.000000 8.339344 10 1
620 0.000000 8.366129 10 1
630 0.000000 8.392063 10 1
640 0.000000 8.417188 10 1
650 0.000000 8.441538 10 1
660 0.000000 8.465152 10 1
670 0.000000 8.488060 10 1
680 0.000000 8.510294 10 1
690 0.000000 8.531884 10 1
700 0.000000 8.552857 10 1
710 0.000000 8.573239 10 1
720 0.000000 8.593056 10 1
730 0.000000 8.612329 10 1
740 0.000000 8.631081 10 1
750 0.000000 8.649333 10 1
760 0.000000 8.667105 10 1
770 0.000000 8.684416 10 1
780 0.000000 8.701282 10 1
790 0.000000 8.717722 10 1
800 0.000000 8.733750 10 1
810 0.000000 8.749383 10 1
820 0.000000 8.764634 10 1
830 0.000000 8.779518 10 1
840 0.000000 8.794048 10 1
850 0.000000 8.808235 10 1
860 0.000000 8.822093 10 1
870 0.000000 8.835632 10 1
880 0.000000 8.848864 10 1
890 0.000000 8.861798 10 1
900 0.000000 8.874444 10 1
910 0.000000 8.886813 10 1
920 0.000000 8.898913 10 1
930 0.000000 8.910753 10 1
940 0.000000 8.922340 10 1
950 0.000000 8.933684 10 1
960 0.000000 8.944792 10 1
970 0.000000 8.955670 10 1
980 0.000000 8.966327 10 1
990 0.000000 8.976768 10 1
1000 0.000000 8.987000 10 1
